37 90 86   213
69 41 76   186
51 79 24   154
31 5 24   60
1 73 79   153
96 25 77   198
40 69 65   174
12 4 37   53
59 20 75   154
82 84 25   191
55 50 72   177
31 63 41   135
47 42 6   95
71 65 21   157
86 65 95   246
89 46 17   152
82 8 79   169
8 23 47   78
38 65 68   171
98 29 11   138
42 82 25   149
15 42 29   86
79 50 10   139
57 86 12   155
67 32 26   125
75 46 10   131
0 90 84   174
81 0 98   179
27 14 97   138
25 12 72   109
60 83 90   233
19 60 20   99
23 49 74   146
93 21 54   168
73 8 54   135
78 47 68   193
97 80 68   245
21 49 6   76
97 46 49   192
82 56 50   188
61 48 38   147
13 93 4   110
3 98 4   105
26 48 7   81
7 4 45   56
79 83 45   207
82 30 80   192
1 0 14   15
91 33 77   201
20 82 9   111
13 58 33   104
48 90 4   142
5 7 65   77
16 44 38   98
68 69 53   190
24 92 23   139
98 48 45   191
58 83 61   202
54 66 55   175
39 3 29   71
11 84 43   138
62 91 61   214
22 8 21   51
74 37 62   173
67 82 62   211
3 61 35   99
6 22 82   110
50 63 43   156
16 12 93   121
86 89 98   273
75 94 6   175
56 79 66   201
22 5 78   105
24 60 36   120
38 78 15   131
55 33 10   98
50 87 69   206
86 58 94   238
57 45 64   166
12 42 36   90
4 56 69   129
79 44 48   171
34 86 50   170
47 25 27   99
76 42 67   185
62 45 60   167
70 93 67   230
32 54 82   168
92 38 3   133
94 27 40   161
70 67 69   206
97 85 5   187
50 89 59   198
38 27 96   161
22 39 50   111
59 87 11   157
46 36 37   119
74 72 14   160
10 28 42   80
55 64 46   165
51 74 9   134
20 8 28   56
73 42 54   169
86 56 44   186
4 53 64   121
95 44 87   226
67 24 38   129
64 59 79   202
18 55 11   84
88 90 21   199
44 64 15   123
45 1 24   70
98 78 52   228
44 58 43   145
31 52 19   102
66 38 54   158
10 9 39   58
34 69 55   158
59 97 90   246
69 29 52   150
76 63 85   224
66 93 49   208
89 16 14   119
57 15 6   78
63 52 13   128
93 94 74   261
90 35 47   172
62 80 87   229
51 32 17   100
20 3 37   60
62 15 44   121
77 33 6   116
49 53 95   197
83 32 39   154
40 47 12   99
90 34 4   128
65 27 17   109
97 87 98   282
95 23 50   168
92 38 16   146
1 88 4   93
81 86 40   207
83 26 20   129
33 14 9   56
73 86 85   244
77 55 2   134
71 52 43   166
94 93 65   252
37 25 11   73
30 84 1   115
22 79 37   138
5 61 21   87
20 36 17   73
77 30 36   143
35 49 21   105
49 25 28   102
30 3 29   62
42 12 33   87
73 28 51   152
72 67 29   168
17 4 3   24
64 62 6   132
5 9 25   39
22 45 79   146
50 98 61   209
25 89 90   204
59 0 43   102
87 41 62   190
4 1 31   36
57 75 68   200
51 37 8   96
27 57 93   177
4 66 44   114
5 43 11   59
30 56 77   163
30 63 31   124
44 25 16   85
98 17 50   165
53 34 68   155
9 20 62   91
62 48 58   168
10 76 58   144
28 46 69   143
98 16 83   197
92 14 63   169
84 44 89   217
7 68 49   124
47 7 14   68
88 25 68   181
11 2 70   83
78 47 91   216
28 79 51   158
78 80 30   188
47 39 63   149
10 13 12   35
16 32 12   60
19 52 51   122
4 48 43   95
72 57 96   225
85 88 87   260
55 38 34   127
56 49 6   111
39 71 72   182
66 73 54   193
36 38 26   100
44 70 62   176
30 26 47   103
65 22 85   172
29 95 50   174
78 94 67   239
70 6 24   100
29 10 48   87
65 77 95   237
82 12 91   185
16 15 57   88
80 21 59   160
19 93 50   162
53 65 30   148
54 90 97   241
86 65 2   153
41 23 27   91
56 73 16   145
14 46 64   124
73 14 27   114
26 24 0   50
6 3 78   87
65 91 57   213
10 5 70   85
23 68 70   161
24 30 47   101
28 71 3   102
14 46 75   135
48 0 42   90
61 87 64   212
33 21 87   141
68 96 76   240
37 18 78   133
93 27 38   158
30 6 2   38
80 3 16   99
42 23 97   162
30 4 41   75
79 58 75   212
59 1 6   66
30 93 80   203
73 56 64   193
28 12 1   41
97 20 81   198
87 0 95   182
53 16 1   70
85 93 58   236
88 44 25   157
53 18 26   97
90 77 39   206
92 70 86   248
5 62 0   67
57 3 26   86
66 55 49   170
18 76 97   191
59 14 35   108
77 94 22   193
57 39 21   117
9 17 87   113
56 80 59   195
5 31 97   133
73 12 38   123
18 73 37   128
13 2 56   71
54 0 38   92
16 23 18   57
95 23 87   205
31 21 32   84
7 65 71   143
37 43 67   147
56 8 78   142
28 63 6   97
77 88 35   200
63 96 43   202
30 16 49   95
31 45 85   161
89 4 50   143
4 86 45   135
97 66 26   189
73 64 29   166
49 58 87   194
10 95 79   184
86 19 50   155
67 58 73   198
37 33 97   167
11 8 50   69
82 47 81   210
53 94 65   212
63 21 64   148
59 49 1   109
56 45 78   179
78 39 83   200
12 38 30   80
69 42 60   171
60 81 97   238
65 83 45   193
52 95 93   240
26 40 80   146
20 39 24   83
90 78 30   198
86 33 79   198
11 53 73   137
26 23 72   121
80 47 4   131
73 84 18   175
42 19 96   157
48 89 32   169
32 65 92   189
87 45 69   201
77 65 10   152
74 83 37   194
60 37 20   117
70 39 35   144
88 56 41   185
98 67 10   175
59 93 40   192
57 67 9   133
2 88 54   144
45 59 19   123
3 33 0   36
1 0 88   89
21 26 15   62
35 93 23   151
97 85 82   264
58 71 21   150
56 89 27   172
63 12 71   146
9 96 70   175
16 1 61   78
9 74 47   130
43 44 46   133
75 51 74   200
43 96 45   184
96 15 55   166
34 97 91   222
3 19 59   81
75 35 3   113
65 32 43   140
92 35 71   198
48 2 9   59
14 78 52   144
89 66 64   219
61 7 76   144
76 28 37   141
78 59 42   179
93 81 51   225
12 76 29   117
57 95 64   216
1 92 52   145
21 58 20   99
5 11 38   54
52 11 17   80
55 12 39   106
64 11 72   147
9 71 28   108
96 26 58   180
96 58 40   194
68 75 36   179
33 9 78   120
94 54 40   188
7 1 14   22
3 91 36   130
59 96 72   227
22 17 75   114
0 90 53   143
82 83 72   237
85 13 95   193
28 63 64   155
80 93 29   202
2 51 21   74
64 62 71   197
14 54 59   127
69 80 18   167
84 95 87   266
6 69 59   134
31 64 67   162
32 48 55   135
34 73 64   171
37 21 85   143
89 29 67   185
84 14 53   151
19 77 35   131
27 10 8   45
27 22 16   65
60 29 3   92
6 30 86   122
8 70 39   117
17 10 87   114
78 51 13   142
63 97 38   198
48 77 24   149
47 79 72   198
11 12 50   73
35 89 72   196
12 85 71   168
55 51 47   153
29 40 31   100
60 92 40   192
89 32 56   177
60 55 6   121
27 50 89   166
17 40 26   83
76 21 41   138
67 7 12   86
44 90 14   148
3 88 16   107
59 87 47   193
10 40 78   128
21 82 19   122
72 86 12   170
31 24 10   65
76 60 31   167
45 68 71   184
62 73 8   143
45 8 59   112
21 48 28   97
15 95 32   142
96 12 61   169
1 5 4   10
44 50 64   158
26 30 69   125
54 50 26   130
89 15 82   186
41 12 27   80
98 90 60   248
73 74 35   182
27 29 38   94
25 68 90   183
34 98 92   224
50 49 97   196
22 43 49   114
69 53 38   160
72 96 47   215
50 1 49   100
90 50 15   155
68 24 65   157
20 51 77   148
82 40 74   196
57 88 89   234
81 54 60   195
2 63 52   117
40 74 90   204
23 70 37   130
83 50 19   152
83 0 23   106
46 24 1   71
68 48 30   146
17 38 76   131
12 74 10   96
81 46 76   203
90 28 73   191
98 78 47   223
33 47 79   159
67 18 43   128
66 16 46   128
19 97 58   174
0 28 65   93
26 30 90   146
30 63 54   147
85 75 94   254
57 79 77   213
67 85 48   200
28 8 67   103
88 78 25   191
90 70 47   207
89 80 23   192
81 28 9   118
11 32 98   141
18 87 14   119
60 55 82   197
6 89 7   102
54 33 45   132
74 91 63   228
35 10 67   112
8 26 46   80
20 30 61   111
40 22 36   98
86 72 49   207
12 59 72   143
25 18 32   75
73 23 39   135
91 74 78   243
23 57 51   131
19 17 25   61
7 86 65   158
85 98 11   194
26 7 70   103
12 92 49   153
68 6 37   111
51 70 38   159
39 46 47   132
73 78 52   203
5 53 79   137
14 51 54   119
73 36 74   183
34 67 92   193
83 5 47   135
78 56 34   168
0 4 35   39
65 41 91   197
78 52 13   143
1 74 87   162
30 74 23   127
70 52 47   169
80 45 59   184
26 13 91   130
50 51 9   110
98 40 0   138
4 90 71   165
36 77 2   115
47 72 33   152
97 27 8   132
21 83 91   195
30 52 70   152
98 63 82   243
71 49 1   121
41 11 21   73
14 51 49   114
68 38 66   172
83 48 88   219
43 98 75   216
4 13 80   97
24 49 2   75
82 58 12   152
75 94 65   234
53 84 96   233
92 20 26   138
44 63 3   110
91 23 2   116
59 18 69   146
79 73 48   200
43 94 80   217
59 4 11   74
24 69 15   108
17 68 67   152
15 56 55   126
54 94 1   149
54 41 84   179
98 64 23   185
6 88 45   139
28 93 83   204
31 26 50   107
45 36 13   94
72 93 38   203
29 89 51   169
14 64 1   79
22 92 94   208
58 75 80   213
59 2 37   98
52 30 89   171
55 68 53   176
74 35 79   188
9 90 1   100
34 29 81   144
22 87 45   154
12 22 50   84
41 8 38   87
69 57 47   173
43 90 9   142
77 12 62   151
18 24 68   110
20 53 32   105
44 17 34   95
71 32 67   170
82 70 78   230
53 12 3   68
68 40 37   145
84 94 50   228
88 47 80   215
20 77 72   169
59 90 11   160
51 74 34   159
63 44 58   165
85 39 22   146
6 22 27   55
3 79 44   126
69 35 10   114
59 7 71   137
74 14 51   139
39 5 20   64
18 95 68   181
48 46 82   176
83 74 85   242
16 39 9   64
77 52 32   161
97 76 52   225
56 39 98   193
33 15 60   108
25 61 59   145
85 31 95   211
7 63 88   158
87 84 77   248
3 27 7   37
38 70 2   110
34 29 44   107
31 81 47   159
72 36 96   204
80 9 7   96
54 94 56   204
96 90 68   254
18 20 10   48
29 88 76   193
57 9 42   108
33 26 2   61
46 60 70   176
15 0 43   58
82 14 4   100
30 90 51   171
17 57 83   157
2 80 51   133
47 7 28   82
66 79 32   177
7 17 29   53
60 65 71   196
55 84 35   174
46 22 5   73
17 13 41   71
12 87 92   191
41 37 85   163
92 89 63   244
93 38 84   215
57 21 7   85
2 27 13   42
76 9 91   176
4 50 0   54
12 88 66   166
84 68 26   178
91 71 33   195
50 41 26   117
37 44 25   106
95 91 19   205
42 62 97   201
39 48 79   166
25 26 67   118
9 81 62   152
87 2 39   128
46 68 22   136
78 47 5   130
2 52 79   133
82 75 17   174
45 9 65   119
28 98 19   145
69 24 89   182
16 55 98   169
85 18 73   176
30 40 38   108
70 15 51   136
96 50 47   193
81 78 75   234
93 65 72   230
73 69 62   204
41 12 51   104
22 17 27   66
42 6 1   49
30 39 57   126
69 73 3   145
25 59 52   136
65 62 68   195
62 39 6   107
12 53 58   123
53 12 86   151
59 97 49   205
95 65 80   240
81 12 71   164
46 42 76   164
20 47 84   151
12 3 34   49
37 7 21   65
59 19 32   110
57 68 31   156
85 9 1   95
63 32 77   172
46 68 93   207
0 87 73   160
55 2 65   122
44 1 88   133
16 35 55   106
93 73 35   201
1 0 38   39
92 83 21   196
46 17 86   149
9 67 90   166
83 24 30   137
68 55 8   131
57 55 94   206
94 27 61   182
60 30 81   171
81 57 91   229
85 0 35   120
5 66 32   103
13 57 23   93
96 65 1   162
89 8 83   180
85 41 37   163
13 48 84   145
3 20 5   28
82 45 14   141
68 52 24   144
78 29 52   159
91 84 40   215
11 81 15   107
47 4 55   106
36 5 61   102
4 30 72   106
39 55 97   191
41 60 16   117
45 50 40   135
60 77 36   173
77 26 84   187
6 35 75   116
4 16 71   91
66 27 48   141
49 59 40   148
78 43 22   143
2 46 63   111
85 88 92   265
0 95 24   119
48 1 21   70
73 20 70   163
14 31 94   139
40 95 84   219
98 82 36   216
29 26 50   105
19 5 63   87
28 62 31   121
6 38 54   98
56 91 74   221
91 62 11   164
69 60 12   141
15 51 23   89
55 20 69   144
81 90 38   209
24 18 66   108
38 31 14   83
42 86 5   133
57 34 1   92
86 66 58   210
16 61 21   98
41 42 48   131
4 29 24   57
29 19 68   116
13 93 35   141
92 71 70   233
84 30 88   202
70 18 77   165
94 47 41   182
25 67 20   112
8 13 96   117
40 76 11   127
24 75 22   121
28 89 23   140
22 28 56   106
38 59 85   182
4 41 54   99
91 93 41   225
33 5 75   113
73 68 75   216
6 32 39   77
96 20 60   176
19 15 10   44
34 19 32   85
89 73 33   195
41 49 43   133
20 69 66   155
84 48 97   229
52 12 0   64
76 15 69   160
11 5 2   18
98 34 72   204
55 78 16   149
67 9 82   158
11 1 32   44
52 31 72   155
17 69 14   100
73 70 59   202
44 32 20   96
28 91 42   161
14 13 43   70
49 93 11   153
35 16 19   70
23 29 31   83
7 87 14   108
84 73 60   217
27 89 81   197
86 12 59   157
6 73 16   95
95 94 38   227
11 18 73   102
49 82 73   204
80 29 22   131
77 54 24   155
11 66 72   149
87 80 8   175
23 67 71   161
48 17 56   121
80 54 21   155
85 78 76   239
21 47 8   76
58 15 41   114
73 41 10   124
29 71 54   154
54 96 68   218
63 5 52   120
47 78 85   210
86 41 29   156
22 86 69   177
56 44 89   189
5 66 73   144
1 31 37   69
36 49 58   143
91 34 53   178
50 18 19   87
96 45 2   143
60 85 87   232
7 43 83   133
79 54 95   228
20 62 43   125
8 59 10   77
50 18 29   97
49 29 31   109
3 65 45   113
89 7 9   105
89 41 36   166
44 76 48   168
85 64 17   166
38 34 50   122
92 2 1   95
30 90 39   159
15 70 23   108
79 9 37   125
68 89 28   185
80 13 53   146
92 31 0   123
5 6 45   56
38 10 97   145
19 14 20   53
8 61 53   122
38 21 18   77
74 14 85   173
23 30 6   59
81 82 1   164
81 60 41   182
71 63 19   153
20 77 71   168
78 14 85   177
17 44 41   102
33 82 61   176
39 80 73   192
81 26 16   123
87 57 86   230
96 71 70   237
82 5 34   121
54 8 97   159
40 32 57   129
97 17 73   187
84 24 18   126
88 62 13   163
23 72 17   112
78 93 13   184
87 21 75   183
12 63 87   162
49 4 16   69
76 83 92   251
93 71 30   194
44 63 17   124
98 28 68   194
81 66 42   189
65 16 98   179
28 44 83   155
49 72 88   209
43 7 40   90
15 0 70   85
46 75 20   141
53 80 77   210
40 11 91   142
72 62 35   169
85 64 35   184
73 25 7   105
90 8 7   105
92 87 25   204
79 23 52   154
19 45 65   129
38 80 15   133
40 30 75   145
89 61 51   201
75 41 36   152
77 16 69   162
89 88 40   217
72 82 4   158
89 40 87   216
7 51 43   101
76 63 9   148
26 11 6   43
37 22 31   90
49 64 77   190
93 98 59   250
5 83 55   143
33 14 77   124
21 43 0   64
22 26 87   135
85 55 61   201
8 42 41   91
35 83 10   128
89 9 39   137
13 2 50   65
94 98 14   206
90 79 23   192
49 79 18   146
3 24 70   97
84 39 49   172
10 85 1   96
1 85 43   129
53 74 73   200
90 24 31   145
22 92 54   168
27 41 32   100
11 72 41   124
27 47 65   139
21 28 4   53
11 40 87   138
83 53 74   210
2 3 33   38
93 8 59   160
91 47 14   152
36 94 5   135
73 96 19   188
53 58 19   130
57 64 26   147
63 72 84   219
1 13 92   106
94 66 32   192
62 64 85   211
23 65 86   174
31 26 73   130
62 11 48   121
29 83 28   140
40 38 21   99
23 61 25   109
56 26 23   105
7 45 43   95
20 74 89   183
83 40 21   144
24 1 74   99
60 26 32   118
14 56 42   112
94 62 70   226
20 1 88   109
42 54 49   145
10 1 21   32
57 9 42   108
3 31 76   110
39 45 27   111
68 91 6   165
76 94 14   184
67 48 0   115
28 58 38   124
20 89 5   114
93 84 69   246
17 13 62   92
81 77 20   178
2 50 54   106
73 28 36   137
36 88 62   186
37 32 38   107
95 15 71   181
58 56 75   189
31 76 63   170
89 3 32   124
11 45 91   147
40 76 41   157
1 80 42   123
63 13 87   163
6 65 98   169
56 78 68   202
34 5 69   108
92 72 0   164
87 36 92   215
56 26 33   115
62 8 16   86
38 78 56   172
19 67 39   125
73 7 50   130
78 97 4   179
79 19 36   134
12 9 61   82
19 70 17   106
45 80 89   214
92 86 55   233
66 52 98   216
13 22 59   94
92 53 29   174
45 52 89   186
95 79 35   209
47 80 10   137
6 67 51   124
30 38 90   158
