621 628 684	1933
503 54 170	727
983 207 966	2156
72 914 159	1145
373 903 978	2254
630 162 901	1693
472 621 509	1602
92 670 504	1266
838 657 719	2214
240 380 39	659
700 856 546	2102
700 414 457	1571
786 644 543	1973
489 458 419	1366
729 88 788	1605
567 670 662	1899
905 173 458	1536
950 326 90	1366
676 447 932	2055
80 621 512	1213
427 409 24	860
644 571 211	1426
6 672 79	757
562 571 925	2058
230 847 858	1935
941 195 646	1782
988 444 868	2300
545 613 593	1751
720 127 419	1266
239 343 377	959
237 463 568	1268
643 174 613	1430
409 429 333	1171
302 151 465	918
481 635 562	1678
555 335 650	1540
51 290 988	1329
564 321 876	1761
311 926 749	1986
573 234 574	1381
459 270 834	1563
305 252 323	880
145 774 891	1810
970 123 895	1988
229 196 537	962
916 514 66	1496
335 753 406	1494
863 38 556	1457
474 81 266	821
252 101 276	629
943 490 920	2353
442 318 725	1485
608 846 683	2137
298 769 564	1631
357 992 900	2249
767 965 685	2417
371 715 212	1298
753 410 50	1213
421 560 698	1679
785 917 263	1965
684 23 335	1042
322 240 535	1097
715 12 198	925
964 576 932	2472
589 588 341	1518
421 539 678	1638
19 37 934	990
937 426 573	1936
840 471 147	1458
68 687 333	1088
648 951 237	1836
711 813 898	2422
145 403 362	910
841 238 876	1955
992 373 661	2026
910 984 69	1963
954 104 878	1936
141 555 82	778
641 859 206	1706
975 612 31	1618
536 482 91	1109
949 517 125	1591
466 582 611	1659
562 990 3	1555
138 332 130	600
492 163 253	908
203 445 484	1132
367 409 233	1009
805 50 819	1674
314 215 950	1479
840 159 416	1415
325 291 141	757
229 923 817	1969
677 885 336	1898
509 217 138	864
831 972 455	2258
736 472 126	1334
182 196 975	1353
667 794 10	1471
593 456 227	1276
463 444 634	1541
120 825 787	1732
829 119 515	1463
191 493 385	1069
946 222 117	1285
325 900 782	2007
363 442 51	856
823 838 698	2359
267 287 343	897
248 32 628	908
304 199 384	887
317 418 8	743
308 12 566	886
381 321 539	1241
59 739 301	1099
287 161 981	1429
110 616 63	789
82 27 92	201
561 21 620	1202
751 137 854	1742
256 184 447	887
793 39 52	884
822 932 577	2331
475 75 61	611
211 111 784	1106
370 212 695	1277
739 306 92	1137
52 316 21	389
679 254 784	1717
537 470 130	1137
294 463 920	1677
876 575 694	2145
450 430 704	1584
717 343 941	2001
32 95 719	846
763 157 953	1873
440 321 827	1588
44 870 755	1669
584 802 834	2220
982 348 158	1488
705 911 408	2024
880 598 302	1780
2 70 619	691
59 666 989	1714
804 702 733	2239
134 114 578	826
701 406 598	1705
188 779 710	1677
627 670 115	1412
832 509 231	1572
469 884 880	2233
326 62 803	1191
729 161 716	1606
229 215 38	482
383 725 848	1956
732 189 185	1106
65 91 338	494
268 5 223	496
219 240 307	766
169 110 406	685
334 584 942	1860
175 782 346	1303
499 60 680	1239
300 132 471	903
652 695 614	1961
679 205 860	1744
902 576 597	2075
883 899 788	2570
941 471 636	2048
358 837 120	1315
468 96 637	1201
476 372 323	1171
427 252 993	1672
576 322 12	910
133 951 477	1561
898 517 419	1834
211 488 775	1474
400 245 682	1327
443 675 113	1231
61 430 564	1055
644 744 665	2053
460 560 657	1677
597 159 390	1146
732 540 736	2008
886 643 154	1683
383 147 862	1392
701 470 480	1651
140 209 431	780
569 901 824	2294
592 238 46	876
634 268 132	1034
283 104 408	795
593 319 997	1909
486 866 444	1796
88 551 369	1008
954 88 666	1708
438 386 302	1126
638 667 116	1421
176 437 411	1024
635 535 776	1946
949 619 297	1865
537 85 597	1219
965 849 348	2162
779 226 906	1911
949 27 636	1612
971 786 272	2029
806 680 857	2343
342 998 441	1781
628 712 220	1560
467 9 887	1363
934 383 607	1924
418 419 32	869
666 696 204	1566
101 398 259	758
152 474 942	1568
746 650 25	1421
320 526 178	1024
509 619 61	1189
751 724 424	1899
118 906 382	1406
435 587 303	1325
93 500 420	1013
381 764 34	1179
500 816 368	1684
658 505 508	1671
520 846 271	1637
314 291 493	1098
710 498 39	1247
775 135 781	1691
995 496 596	2087
60 803 939	1802
598 119 251	968
789 24 408	1221
556 525 796	1877
381 600 625	1606
941 568 841	2350
255 956 508	1719
947 43 734	1724
453 767 755	1975
772 433 498	1703
738 370 723	1831
592 714 306	1612
788 904 73	1765
763 441 540	1744
242 653 110	1005
258 851 438	1547
69 857 75	1001
56 131 967	1154
484 409 466	1359
442 633 300	1375
580 711 575	1866
456 898 97	1451
285 784 266	1335
730 90 729	1549
729 480 6	1215
773 765 635	2173
634 601 848	2083
500 701 981	2182
810 442 734	1986
58 632 196	886
604 732 768	2104
168 412 368	948
165 733 894	1792
218 663 581	1462
298 703 348	1349
112 277 757	1146
456 284 581	1321
31 387 493	911
673 424 468	1565
753 445 888	2086
357 894 458	1709
149 873 288	1310
703 459 266	1428
811 946 144	1901
465 256 233	954
702 789 868	2359
611 741 786	2138
618 219 769	1606
799 982 802	2583
879 620 158	1657
482 432 965	1879
418 452 599	1469
335 729 333	1397
737 749 3	1489
325 719 629	1673
496 315 565	1376
910 58 511	1479
313 426 655	1394
800 718 596	2114
240 575 446	1261
953 460 3	1416
436 91 913	1440
315 557 305	1177
940 178 476	1594
938 698 427	2063
659 469 146	1274
324 362 575	1261
520 581 571	1672
14 135 961	1110
15 39 849	903
928 428 818	2174
240 993 23	1256
65 528 252	845
519 699 788	2006
722 539 822	2083
446 471 689	1606
423 750 582	1755
101 352 106	559
907 989 313	2209
913 529 411	1853
125 711 569	1405
889 278 49	1216
90 372 34	496
611 98 74	783
766 920 638	2324
913 287 18	1218
431 360 891	1682
232 994 516	1742
223 503 957	1683
634 813 951	2398
134 602 271	1007
240 812 225	1277
726 107 242	1075
556 171 148	875
965 802 60	1827
979 713 761	2453
182 47 209	438
126 924 591	1641
269 921 834	2024
617 173 235	1025
414 514 503	1431
16 206 25	247
453 727 358	1538
541 956 863	2360
13 549 365	927
512 667 507	1686
22 871 314	1207
547 55 526	1128
346 326 769	1441
624 598 24	1246
195 502 618	1315
291 816 413	1520
990 247 262	1499
452 989 569	2010
862 506 723	2091
91 213 627	931
521 458 64	1043
976 618 753	2347
765 426 718	1909
503 89 798	1390
573 587 647	1807
817 523 350	1690
517 162 199	878
451 432 24	907
752 775 819	2346
262 256 169	687
896 115 539	1550
93 786 249	1128
945 353 248	1546
24 258 346	628
328 638 931	1897
554 579 142	1275
347 389 29	765
302 682 2	986
123 502 413	1038
799 968 92	1859
978 198 95	1271
759 725 764	2248
545 922 214	1681
524 4 298	826
353 595 469	1417
69 75 116	260
195 374 90	659
289 196 437	922
549 716 199	1464
556 75 337	968
314 296 86	696
262 255 780	1297
852 492 429	1773
839 840 623	2302
782 34 264	1080
403 804 773	1980
909 15 660	1584
327 509 298	1134
68 820 303	1191
724 821 131	1676
923 888 107	1918
511 757 909	2177
377 326 235	938
93 569 172	834
123 423 706	1252
506 43 173	722
248 737 844	1829
474 532 167	1173
303 259 784	1346
754 101 43	898
192 504 945	1641
365 908 358	1631
240 992 312	1544
491 118 484	1093
916 504 617	2037
986 69 530	1585
364 460 26	850
953 335 911	2199
97 947 271	1315
210 796 712	1718
344 958 335	1637
174 803 502	1479
780 81 998	1859
936 40 165	1141
720 256 155	1131
694 578 961	2233
912 833 666	2411
240 316 679	1235
249 139 528	916
433 910 517	1860
281 683 74	1038
982 411 142	1535
451 86 243	780
893 521 361	1775
325 857 580	1762
10 329 754	1093
319 799 388	1506
107 598 357	1062
404 520 938	1862
510 379 454	1343
792 698 859	2349
222 166 176	564
921 376 75	1372
647 516 456	1619
579 497 127	1203
562 178 524	1264
940 918 200	2058
197 697 693	1587
522 929 470	1921
927 227 123	1277
313 940 507	1760
725 601 926	2252
99 953 476	1528
550 360 975	1885
493 194 512	1199
195 637 297	1129
563 246 177	986
919 120 414	1453
391 229 741	1361
261 430 955	1646
398 962 462	1822
951 531 835	2317
984 839 517	2340
605 211 515	1331
870 898 210	1978
53 582 311	946
546 988 809	2343
475 68 747	1290
517 587 201	1305
663 635 931	2229
604 663 362	1629
662 40 37	739
542 890 719	2151
612 569 229	1410
850 674 288	1812
572 435 727	1734
44 745 394	1183
711 601 799	2111
51 296 771	1118
185 868 120	1173
404 168 599	1171
465 806 166	1437
866 44 249	1159
341 280 884	1505
872 722 594	2188
109 401 182	692
47 955 953	1955
564 953 814	2331
580 174 831	1585
320 637 546	1503
646 475 74	1195
981 404 407	1792
797 767 934	2498
806 787 830	2423
716 337 531	1584
202 133 417	752
657 187 888	1732
17 774 222	1013
360 107 787	1254
776 897 98	1771
923 570 590	2083
245 603 334	1182
585 453 393	1431
243 169 722	1134
593 755 531	1879
561 260 763	1584
933 932 698	2563
41 800 747	1588
394 221 814	1429
357 724 202	1283
685 386 881	1952
480 539 465	1484
242 657 927	1826
804 457 482	1743
937 39 149	1125
717 402 733	1852
228 502 323	1053
856 187 652	1695
573 854 862	2289
300 458 776	1534
272 7 129	408
356 579 869	1804
257 830 821	1908
423 934 434	1791
507 251 39	797
716 980 200	1896
734 211 862	1807
577 240 327	1144
313 114 462	889
299 304 204	807
188 272 612	1072
145 623 308	1076
831 905 34	1770
328 161 584	1073
47 147 633	827
218 667 659	1544
840 249 72	1161
257 972 853	2082
542 628 881	2051
532 56 634	1222
305 615 967	1887
664 524 389	1577
345 581 432	1358
796 48 747	1591
744 595 906	2245
816 920 721	2457
708 364 744	1816
134 445 571	1150
612 321 31	964
802 15 783	1600
148 434 717	1299
967 307 565	1839
114 91 157	362
129 319 179	627
888 36 116	1040
929 469 296	1694
830 9 602	1441
479 523 504	1506
298 36 196	530
634 296 450	1380
37 481 829	1347
268 520 206	994
603 902 781	2286
353 560 502	1415
220 527 261	1008
637 677 835	2149
161 753 141	1055
667 692 636	1995
444 921 259	1624
316 878 440	1634
487 631 169	1287
962 908 925	2795
913 442 215	1570
809 254 626	1689
849 654 598	2101
477 382 268	1127
242 947 296	1485
381 401 828	1610
833 708 317	1858
147 580 773	1500
113 568 237	918
596 250 311	1157
642 150 593	1385
264 552 945	1761
689 422 921	2032
780 73 808	1661
858 462 771	2091
810 226 615	1651
336 395 946	1677
870 826 121	1817
172 440 423	1035
43 50 359	452
116 114 121	351
349 835 389	1573
327 771 575	1673
241 651 279	1171
359 4 499	862
829 235 770	1834
237 963 717	1917
918 256 57	1231
302 616 885	1803
444 954 303	1701
266 243 289	798
118 473 274	865
964 733 994	2691
636 307 394	1337
64 331 6	401
125 354 284	763
114 766 703	1583
786 733 97	1616
64 226 826	1116
670 217 216	1103
594 5 574	1173
569 679 884	2132
772 216 145	1133
150 711 185	1046
790 775 198	1763
993 120 404	1517
97 224 872	1193
196 695 272	1163
443 171 246	860
751 487 251	1489
548 70 115	733
203 627 508	1338
416 362 443	1221
99 330 147	576
762 925 384	2071
734 724 854	2312
269 140 612	1021
910 189 433	1532
456 241 935	1632
124 820 643	1587
482 675 224	1381
840 873 314	2027
220 165 644	1029
345 554 55	954
590 457 364	1411
206 449 315	970
663 724 338	1725
291 743 186	1220
645 744 760	2149
105 911 603	1619
961 70 943	1974
846 428 436	1710
698 497 930	2125
321 860 482	1663
733 597 101	1431
575 130 863	1568
544 413 588	1545
710 628 256	1594
722 162 238	1122
782 456 188	1426
139 800 652	1591
499 812 406	1717
894 41 506	1441
930 87 477	1494
947 777 995	2719
297 80 261	638
440 191 491	1122
496 563 339	1398
687 171 384	1242
553 180 773	1506
647 55 916	1618
547 702 856	2105
504 170 638	1312
673 348 183	1204
140 418 119	677
50 291 226	567
753 528 697	1978
856 738 803	2397
994 340 375	1709
816 950 333	2099
716 15 11	742
668 816 462	1946
647 662 925	2234
655 23 665	1343
386 778 722	1886
945 998 21	1964
473 433 87	993
45 342 120	507
191 411 352	954
149 87 23	259
274 613 338	1225
299 212 840	1351
950 641 998	2589
233 382 261	876
27 985 856	1868
294 518 496	1308
476 351 911	1738
607 248 266	1121
349 671 747	1767
245 990 68	1303
316 538 583	1437
924 609 358	1891
146 470 116	732
916 146 360	1422
346 578 941	1865
25 231 677	933
85 982 994	2061
495 628 729	1852
558 885 16	1459
215 584 53	852
509 773 638	1920
924 351 865	2140
555 494 935	1984
207 628 796	1631
442 754 624	1820
731 377 895	2003
596 295 676	1567
482 519 183	1184
892 268 126	1286
204 619 990	1813
250 696 520	1466
469 633 627	1729
87 677 726	1490
910 738 873	2521
972 682 428	2082
413 656 308	1377
970 211 165	1346
788 412 78	1278
828 38 975	1841
986 376 643	2005
470 194 257	921
84 596 326	1006
651 843 553	2047
453 982 500	1935
67 134 818	1019
727 121 134	982
874 47 747	1668
956 62 422	1440
428 273 849	1550
902 199 70	1171
739 252 857	1848
162 996 426	1584
788 900 326	2014
360 476 758	1594
438 983 855	2276
158 256 874	1288
944 785 333	2062
383 455 5	843
638 282 418	1338
387 934 10	1331
437 47 124	608
117 44 512	673
525 382 700	1607
946 610 799	2355
330 378 396	1104
837 988 834	2659
103 814 818	1735
819 163 867	1849
520 330 585	1435
718 84 984	1786
939 505 883	2327
336 761 343	1440
815 183 462	1460
705 929 96	1730
225 361 523	1109
12 918 229	1159
54 168 396	618
851 94 693	1638
995 813 815	2623
870 315 171	1356
608 26 900	1534
337 435 927	1699
124 143 680	947
195 414 672	1281
829 911 746	2486
659 764 682	2105
647 106 296	1049
138 431 983	1552
279 632 926	1837
131 66 154	351
519 427 970	1916
343 490 106	939
475 467 619	1561
331 591 182	1104
995 878 126	1999
170 88 531	789
693 678 782	2153
136 2 372	510
699 435 318	1452
774 529 845	2148
299 338 656	1293
11 67 620	698
588 829 620	2037
219 939 795	1953
562 292 524	1378
154 302 216	672
488 698 663	1849
715 970 576	2261
514 734 257	1505
265 680 768	1713
678 221 483	1382
577 134 672	1383
292 34 353	679
738 810 822	2370
54 660 385	1099
737 859 948	2544
450 652 969	2071
261 698 639	1598
600 791 15	1406
89 670 962	1721
824 4 843	1671
356 306 735	1397
215 256 630	1101
103 205 147	455
564 772 907	2243
476 500 360	1336
343 436 494	1273
692 295 418	1405
885 797 515	2197
478 219 568	1265
963 657 61	1681
333 524 151	1008
866 950 630	2446
723 936 553	2212
34 529 964	1527
93 658 419	1170
921 753 144	1818
451 346 354	1151
314 807 493	1614
93 512 941	1546
642 164 417	1223
568 362 465	1395
176 347 680	1203
25 771 156	952
345 8 109	462
606 469 507	1582
189 796 235	1220
241 420 351	1012
620 9 981	1610
629 284 769	1682
189 445 955	1589
74 19 395	488
367 566 36	969
496 570 116	1182
112 551 493	1156
931 404 467	1802
283 177 522	982
508 705 918	2131
610 133 627	1370
669 474 873	2016
943 681 21	1645
167 371 601	1139
596 409 459	1464
807 78 184	1069
165 391 739	1295
17 843 84	944
695 726 791	2212
587 939 195	1721
37 460 936	1433
305 898 566	1769
314 98 947	1359
22 511 531	1064
10 937 234	1181
209 956 806	1971
813 462 897	2172
720 840 416	1976
399 691 707	1797
361 672 159	1192
745 442 946	2133
300 713 662	1675
377 268 50	695
268 838 803	1909
775 358 206	1339
581 665 118	1364
753 409 175	1337
779 251 778	1808
425 967 745	2137
719 456 162	1337
864 859 836	2559
811 332 34	1177
326 684 841	1851
550 195 103	848
541 649 266	1456
801 264 651	1716
268 506 770	1544
112 442 98	652
128 487 816	1431
93 233 91	417
263 788 10	1061
911 602 459	1972
71 186 721	978
73 909 185	1167
473 567 47	1087
658 601 496	1755
752 451 200	1403
133 187 904	1224
106 116 955	1177
314 371 272	957
880 47 944	1871
218 325 455	998
297 91 192	580
437 69 467	973
92 503 468	1063
256 903 339	1498
64 55 982	1101
22 769 640	1431
952 368 38	1358
395 862 972	2229
628 743 258	1629
88 368 325	781
488 683 844	2015
165 33 506	704
715 716 854	2285
921 341 102	1364
63 915 495	1473
761 457 382	1600
248 712 803	1763
824 63 791	1678
654 617 703	1974
967 497 586	2050
234 847 678	1759
137 897 770	1804
241 688 497	1426
25 155 788	968
389 469 589	1447
853 16 150	1019
774 594 883	2251
727 360 815	1902
658 699 480	1837
192 620 642	1454
978 655 5	1638
495 915 424	1834
826 600 515	1941
958 297 892	2147
652 853 136	1641
720 348 719	1787
264 174 172	610
253 276 425	954
655 139 617	1411
602 952 487	2041
22 255 830	1107
410 880 52	1342
982 891 331	2204
32 507 144	683
948 778 385	2111
806 909 603	2318
590 240 276	1106
848 78 382	1308
515 221 435	1171
52 479 70	601
189 631 32	852
155 47 350	552
549 927 581	2057
608 620 493	1721
482 841 98	1421
333 187 264	784
624 424 448	1496
117 887 255	1259
709 183 889	1781
891 642 804	2337
395 666 508	1569
385 423 472	1280
26 226 476	728
981 915 95	1991
218 324 992	1534
499 48 284	831
460 595 137	1192
439 342 96	877
913 321 374	1608
220 528 511	1259
658 68 18	744
312 514 302	1128
837 707 840	2384
864 389 220	1473
76 128 591	795
969 132 347	1448
661 565 228	1454
509 201 665	1375
766 27 420	1213
683 3 705	1391
580 655 451	1686
311 315 208	834
638 193 985	1816
51 702 416	1169
627 453 397	1477
520 464 812	1796
624 52 680	1356
233 988 224	1445
937 248 363	1548
983 758 35	1776
862 364 300	1526
628 160 601	1389
45 715 136	896
547 139 825	1511
28 71 107	206
861 577 725	2163
523 726 508	1757
657 616 231	1504
946 943 691	2580
418 345 226	989
908 843 161	1912
224 257 570	1051
676 491 757	1924
779 637 874	2290
150 330 16	496
619 680 55	1354
748 842 392	1982
90 36 239	365
638 615 796	2049
699 853 597	2149
445 556 327	1328
987 26 911	1924
342 574 754	1670
918 382 209	1509
766 26 848	1640
100 606 97	803
563 88 583	1234
415 937 409	1761
367 695 882	1944
548 426 10	984
418 178 620	1216
780 400 181	1361
842 905 333	2080
785 353 66	1204
356 245 428	1029
842 154 966	1962
811 430 986	2227
611 31 642	1284
554 194 161	909
266 696 127	1089
737 483 112	1332
46 210 254	510
567 317 448	1332
581 272 130	983
718 689 783	2190
773 381 146	1300
383 576 65	1024
623 635 436	1694
649 890 369	1908
417 959 521	1897
312 315 213	840
150 28 452	630
372 14 841	1227
56 204 752	1012
670 412 929	2011
587 450 732	1769
242 47 268	557
664 143 411	1218
921 722 503	2146
500 817 76	1393
341 603 303	1247
474 578 105	1157
81 91 286	458
658 791 907	2356
560 787 258	1605
803 57 530	1390
881 256 345	1482
309 719 186	1214
345 15 734	1094
382 271 811	1464
555 953 184	1692
56 719 897	1672
36 85 808	929
828 717 722	2267
926 904 274	2104
936 580 629	2145
22 769 661	1452
320 741 539	1600
320 577 818	1715
169 59 624	852
218 529 983	1730
90 372 531	993
806 156 665	1627
408 513 165	1086
588 289 881	1758
986 178 586	1750
389 363 403	1155
57 938 325	1320
368 885 550	1803
110 369 950	1429
796 145 743	1684
758 900 411	2069
306 893 773	1972
42 321 173	536
882 653 662	2197
919 848 966	2733
831 443 858	2132
42 839 984	1865
320 732 470	1522
607 996 738	2341
469 472 67	1008
270 669 394	1333
134 41 55	230
966 204 706	1876
156 241 654	1051
833 978 454	2265
184 887 764	1835
671 369 527	1567
322 800 44	1166
647 958 831	2436
408 306 780	1494
256 373 137	766
200 917 533	1650
653 567 320	1540
324 845 566	1735
836 646 604	2086
793 866 403	2062
301 657 395	1353
271 819 554	1644
921 555 216	1692
989 793 453	2235
235 698 649	1582
874 590 692	2156
779 203 250	1232
270 789 328	1387
352 53 678	1083
585 218 395	1198
956 59 266	1281
542 667 292	1501
42 646 126	814
196 774 519	1489
456 229 124	809
864 500 183	1547
322 712 111	1145
741 314 882	1937
591 31 531	1153
697 527 682	1906
568 755 373	1696
854 929 42	1825
173 330 156	659
933 790 462	2185
3 369 191	563
77 161 604	842
823 748 620	2191
663 909 728	2300
331 222 624	1177
25 315 554	894
832 908 704	2444
18 486 352	856
958 795 32	1785
215 939 107	1261
891 750 867	2508
910 554 83	1547
728 794 517	2039
156 486 29	671
706 787 924	2417
632 110 735	1477
741 173 267	1181
582 918 243	1743
977 203 681	1861
138 947 914	1999
547 532 303	1382
823 361 831	2015
930 43 589	1562
963 151 530	1644
630 973 274	1877
814 186 27	1027
870 292 60	1222
433 293 479	1205
927 866 741	2534
860 135 547	1542
620 836 832	2288
629 864 409	1902
546 497 737	1780
133 939 307	1379
2 725 390	1117
572 395 632	1599
498 724 360	1582
48 118 670	836
58 565 430	1053
824 971 712	2507
600 765 568	1933
673 555 915	2143
656 753 911	2320
715 936 455	2106
336 561 313	1210
498 992 133	1623
727 536 598	1861
161 317 448	926
914 17 303	1234
351 442 534	1327
941 861 675	2477
667 140 860	1667
6 595 380	981
589 594 425	1608
47 628 660	1335
4 549 120	673
250 898 487	1635
983 835 464	2282
925 859 485	2269
394 925 611	1930
793 722 828	2343
989 470 421	1880
874 309 785	1968
246 188 960	1394
91 414 107	612
947 452 670	2069
863 56 175	1094
107 490 627	1224
75 915 63	1053
31 323 611	965
597 416 981	1994
655 713 575	1943
676 969 566	2211
962 99 979	2040
187 909 128	1224
982 803 170	1955
447 357 525	1329
895 201 755	1851
626 117 939	1682
188 840 235	1263
156 464 411	1031
846 487 655	1988
191 592 417	1200
640 710 938	2288
559 972 111	1642
140 289 626	1055
698 493 988	2179
887 967 891	2745
479 564 2	1045
212 455 536	1203
782 574 807	2163
21 633 821	1475
942 34 843	1819
540 337 749	1626
53 270 899	1222
80 377 65	522
258 192 51	501
293 73 60	426
707 795 262	1764
356 328 921	1605
937 262 230	1429
189 570 770	1529
923 545 672	2140
434 600 723	1757
530 243 319	1092
403 641 174	1218
506 795 500	1801
632 647 396	1675
918 551 119	1588
173 111 866	1150
443 693 619	1755
934 263 231	1428
675 485 195	1355
383 666 636	1685
38 856 749	1643
811 36 535	1382
112 464 497	1073
721 245 658	1624
359 798 410	1567
186 459 9	654
206 546 88	840
847 129 83	1059
577 683 94	1354
553 50 928	1531
887 782 83	1752
614 938 424	1976
900 202 134	1236
904 37 918	1859
390 938 112	1440
654 137 618	1409
792 814 911	2517
406 168 598	1172
416 586 179	1181
655 439 382	1476
444 463 454	1361
581 156 404	1141
182 500 735	1417
957 507 362	1826
586 198 50	834
180 507 588	1275
832 319 265	1416
650 519 676	1845
110 964 530	1604
86 630 505	1221
295 102 280	677
817 904 533	2254
91 538 683	1312
679 973 778	2430
661 28 730	1419
277 208 859	1344
188 983 136	1307
568 216 28	812
298 423 786	1507
977 619 282	1878
671 753 956	2380
249 934 770	1953
107 597 243	947
134 645 780	1559
348 31 453	832
495 651 726	1872
963 508 479	1950
362 6 161	529
439 100 311	850
743 338 785	1866
260 509 6	775
771 676 831	2278
742 455 446	1643
636 282 329	1247
71 559 255	885
266 339 383	988
8 690 740	1438
194 465 87	746
810 306 669	1785
578 195 409	1182
463 663 800	1926
387 153 105	645
364 661 425	1450
324 752 939	2015
145 851 498	1494
286 322 546	1154
7 397 46	450
142 468 304	914
40 499 50	589
988 703 228	1919
807 142 881	1830
377 252 905	1534
855 764 843	2462
656 700 417	1773
989 289 203	1481
253 791 134	1178
450 806 176	1432
759 636 208	1603
330 577 900	1807
749 430 554	1733
708 619 624	1951
329 858 243	1430
824 680 273	1777
22 611 776	1409
679 617 167	1463
405 919 708	2032
592 684 256	1532
652 769 514	1935
877 750 801	2428
505 539 270	1314
836 312 964	2112
712 129 413	1254
159 375 190	724
186 585 971	1742
201 719 418	1338
198 678 732	1608
287 402 408	1097
928 163 634	1725
878 257 877	2012
345 178 567	1090
208 203 379	790
559 14 429	1002
93 326 186	605
510 1 761	1272
795 580 359	1734
433 566 992	1991
836 48 723	1607
854 212 600	1666
831 923 464	2218
656 648 931	2235
190 457 128	775
830 956 295	2081
322 844 462	1628
896 98 245	1239
49 985 696	1730
612 322 598	1532
371 352 372	1095
61 795 828	1684
188 17 478	683
821 946 540	2307
121 942 281	1344
753 96 801	1650
975 198 996	2169
449 110 237	796
646 460 849	1955
13 68 502	583
306 510 151	967
247 717 118	1082
899 717 903	2519
624 490 943	2057
134 319 765	1218
611 27 727	1365
904 454 501	1859
964 331 528	1823
878 980 786	2644
359 376 586	1321
533 211 14	758
715 611 498	1824
656 54 742	1452
113 542 813	1468
322 367 247	936
439 39 589	1067
569 122 495	1186
171 614 450	1235
465 787 78	1330
568 973 231	1772
974 97 834	1905
845 850 226	1921
219 885 859	1963
284 881 44	1209
688 198 927	1813
653 118 403	1174
417 424 950	1791
923 648 515	2086
698 876 889	2463
130 832 407	1369
196 484 974	1654
747 742 985	2474
738 959 154	1851
167 453 422	1042
604 462 234	1300
198 699 442	1339
927 35 150	1112
400 707 105	1212
700 955 74	1729
458 662 863	1983
807 65 627	1499
316 894 679	1889
904 279 292	1475
895 7 292	1194
227 96 210	533
853 539 504	1896
952 281 811	2044
50 596 19	665
521 617 409	1547
369 59 639	1067
342 480 302	1124
31 130 675	836
742 233 75	1050
862 152 203	1217
166 878 352	1396
353 283 552	1188
154 558 472	1184
994 75 143	1212
86 962 536	1584
437 94 934	1465
533 587 398	1518
913 750 162	1825
567 288 104	959
111 792 718	1621
236 29 834	1099
428 139 917	1484
204 165 62	431
31 19 578	628
478 767 261	1506
701 48 343	1092
290 223 526	1039
511 363 840	1714
188 917 642	1747
905 672 975	2552
309 652 220	1181
281 391 819	1491
652 996 341	1989
525 756 609	1890
122 647 636	1405
437 960 517	1914
427 599 325	1351
813 399 850	2062
618 477 284	1379
585 191 514	1290
49 297 573	919
457 231 431	1119
642 700 728	2070
892 545 651	2088
759 853 551	2163
158 34 212	404
754 153 438	1345
758 40 777	1575
450 593 927	1970
257 497 899	1653
477 153 833	1463
182 444 428	1054
959 299 986	2244
538 585 906	2029
774 154 654	1582
364 792 783	1939
366 272 25	663
949 521 846	2316
387 115 233	735
249 167 355	771
993 911 247	2151
19 463 165	647
989 137 895	2021
115 232 524	871
501 636 681	1818
921 488 998	2407
33 289 785	1107
294 16 724	1034
681 871 784	2336
922 61 803	1786
956 274 648	1878
263 680 30	973
660 200 199	1059
597 974 530	2101
517 866 823	2206
136 520 548	1204
104 499 838	1441
268 577 603	1448
175 887 27	1089
169 609 241	1019
382 322 984	1688
912 288 62	1262
990 229 344	1563
399 475 894	1768
32 149 255	436
587 385 914	1886
15 369 206	590
472 954 255	1681
951 211 649	1811
358 593 729	1680
883 324 620	1827
79 503 823	1405
433 192 786	1411
839 118 415	1372
218 164 777	1159
356 600 563	1519
838 552 57	1447
570 285 620	1475
794 259 568	1621
685 972 472	2129
849 937 421	2207
952 263 214	1429
356 495 450	1301
448 878 396	1722
360 892 356	1608
300 297 330	927
583 70 34	687
652 964 692	2308
308 736 751	1795
871 131 50	1052
992 123 557	1672
250 199 411	860
91 465 191	747
637 496 462	1595
131 989 638	1758
80 601 793	1474
83 65 847	995
496 903 176	1575
900 373 199	1472
259 613 135	1007
588 79 53	720
117 950 310	1377
932 349 309	1590
409 455 570	1434
602 610 878	2090
47 794 222	1063
290 270 262	822
367 843 715	1925
766 67 941	1774
119 876 780	1775
137 154 557	848
177 788 903	1868
894 222 996	2112
308 910 808	2026
569 499 184	1252
926 435 251	1612
383 807 569	1759
866 147 237	1250
793 702 510	2005
367 528 447	1342
679 34 48	761
151 624 620	1395
437 212 585	1234
553 215 235	1003
530 952 954	2436
986 136 531	1653
468 880 557	1905
770 818 474	2062
335 917 102	1354
452 808 788	2048
584 330 927	1841
20 531 516	1067
573 129 508	1210
320 860 568	1748
651 466 350	1467
498 185 819	1502
265 889 701	1855
196 373 29	598
911 138 143	1192
941 119 151	1211
721 634 87	1442
836 209 924	1969
207 9 913	1129
634 450 122	1206
353 680 407	1440
3 657 534	1194
241 364 102	707
910 741 457	2108
210 220 592	1022
639 592 59	1290
180 96 329	605
693 452 208	1353
579 986 981	2546
313 200 80	593
520 128 388	1036
46 339 812	1197
645 52 929	1626
570 169 248	987
251 303 173	727
224 838 764	1826
537 240 506	1283
186 97 260	543
791 609 334	1734
958 747 16	1721
809 596 958	2363
800 575 678	2053
983 188 174	1345
915 23 825	1763
25 292 360	677
300 981 255	1536
693 394 331	1418
41 37 458	536
270 688 529	1487
323 564 101	988
488 98 223	809
878 747 332	1957
685 613 126	1424
222 471 976	1669
400 301 235	936
901 44 391	1336
370 728 539	1637
274 270 492	1036
988 28 752	1768
207 126 765	1098
943 219 245	1407
738 312 487	1537
431 442 309	1182
819 188 462	1469
610 918 139	1667
682 727 946	2355
18 1 39	58
522 930 516	1968
863 619 90	1572
881 187 695	1763
464 776 417	1657
250 739 728	1717
960 865 944	2769
990 856 924	2770
942 369 334	1645
41 625 822	1488
88 199 781	1068
494 926 290	1710
666 922 973	2561
58 796 890	1744
249 650 147	1046
624 277 302	1203
349 892 607	1848
190 915 675	1780
330 530 529	1389
731 799 884	2414
623 272 859	1754
332 609 187	1128
392 229 794	1415
9 262 819	1090
592 272 277	1141
721 568 329	1618
694 380 673	1747
230 679 87	996
321 934 220	1475
671 578 846	2095
696 973 450	2119
282 379 799	1460
312 966 326	1604
825 979 548	2352
944 158 468	1570
331 191 303	825
540 718 859	2117
274 420 582	1276
778 661 797	2236
415 139 399	953
962 232 203	1397
773 819 196	1788
721 908 788	2417
555 519 663	1737
774 863 880	2517
293 760 921	1974
686 126 658	1470
810 998 961	2769
63 816 96	975
592 21 611	1224
105 780 449	1334
778 499 957	2234
832 690 405	1927
549 556 982	2087
948 665 706	2319
169 560 417	1146
944 732 282	1958
957 760 48	1765
190 490 726	1406
244 839 671	1754
522 469 111	1102
81 126 11	218
83 460 93	636
256 338 66	660
101 838 99	1038
349 593 271	1213
590 676 761	2027
33 432 890	1355
968 78 629	1675
709 372 232	1313
858 6 295	1159
629 5 931	1565
669 266 278	1213
489 354 899	1742
670 346 89	1105
775 270 350	1395
549 230 821	1600
487 133 684	1304
503 475 936	1914
870 142 464	1476
196 969 787	1952
151 119 802	1072
127 230 567	924
540 795 678	2013
695 644 87	1426
668 221 664	1553
921 615 686	2222
257 118 623	998
289 827 37	1153
919 487 334	1740
83 739 841	1663
21 261 983	1265
762 133 553	1448
312 83 521	916
216 736 179	1131
332 436 118	886
474 485 328	1287
669 634 394	1697
738 679 806	2223
251 357 800	1408
489 954 940	2383
783 569 297	1649
189 575 247	1011
383 607 936	1926
442 274 599	1315
86 976 176	1238
905 504 611	2020
49 435 433	917
75 790 236	1101
517 644 403	1564
609 469 108	1186
18 704 876	1598
357 644 928	1929
781 237 650	1668
277 522 199	998
252 136 148	536
555 435 84	1074
557 427 882	1866
152 419 312	883
474 860 716	2050
307 346 304	957
807 757 899	2463
716 348 508	1572
50 625 13	688
811 406 393	1610
798 830 166	1794
716 788 137	1641
193 772 105	1070
558 398 576	1532
899 467 265	1631
738 331 239	1308
898 272 514	1684
864 623 75	1562
746 482 717	1945
606 337 349	1292
374 69 471	914
444 948 171	1563
376 779 440	1595
671 265 254	1190
294 212 601	1107
347 96 456	899
438 307 312	1057
158 948 425	1531
527 986 157	1670
705 516 83	1304
851 716 355	1922
386 178 573	1137
865 131 68	1064
524 584 162	1270
743 291 631	1665
22 921 729	1672
698 127 885	1710
2 174 51	227
126 928 969	2023
144 797 951	1892
946 823 449	2218
278 509 405	1192
354 814 209	1377
709 435 300	1444
937 511 924	2372
985 994 424	2403
392 724 790	1906
86 906 489	1481
138 70 88	296
990 579 125	1694
601 489 828	1918
140 487 527	1154
329 80 596	1005
539 759 537	1835
968 232 719	1919
911 872 437	2220
627 942 770	2339
713 95 63	871
785 249 300	1334
434 736 498	1668
114 711 969	1794
581 161 10	752
52 140 836	1028
170 394 925	1489
940 772 262	1974
148 82 238	468
38 521 370	929
704 17 273	994
509 320 954	1783
529 428 632	1589
981 961 61	2003
499 57 861	1417
492 146 229	867
517 729 325	1571
236 442 474	1152
307 386 182	875
818 408 570	1796
460 898 858	2216
358 494 928	1780
777 90 618	1485
197 725 759	1681
597 506 385	1488
41 259 373	673
983 189 427	1599
940 964 157	2061
160 957 645	1762
398 99 252	749
173 270 899	1342
471 354 882	1707
429 160 337	926
534 330 449	1313
538 448 569	1555
287 924 457	1668
651 40 403	1094
131 857 604	1592
598 568 623	1789
374 753 140	1267
925 540 812	2277
240 190 876	1306
248 345 165	758
696 397 42	1135
275 40 223	538
649 863 150	1662
896 685 796	2377
657 273 191	1121
367 851 243	1461
176 622 576	1374
89 47 844	980
148 515 785	1448
527 876 873	2276
223 216 232	671
137 2 310	449
170 792 914	1876
585 35 821	1441
787 455 117	1359
444 294 33	771
492 619 498	1609
569 834 659	2062
227 754 21	1002
653 310 669	1632
292 423 264	979
671 98 955	1724
143 163 971	1277
911 580 77	1568
462 532 146	1140
139 487 412	1038
832 377 992	2201
56 787 213	1056
154 967 612	1733
974 177 497	1648
486 43 740	1269
235 183 532	950
852 224 940	2016
654 112 958	1724
971 926 665	2562
944 546 253	1743
20 621 58	699
691 154 755	1600
513 478 945	1936
74 630 659	1363
620 313 557	1490
625 702 211	1538
372 159 295	826
318 204 257	779
628 706 292	1626
353 31 169	553
329 597 561	1487
153 44 844	1041
462 364 111	937
602 316 949	1867
309 160 713	1182
870 593 171	1634
997 894 534	2425
848 454 536	1838
864 214 60	1138
361 932 477	1770
516 911 338	1765
111 768 653	1532
660 621 242	1523
216 48 858	1122
148 91 516	755
611 538 574	1723
651 692 466	1809
942 980 641	2563
5 84 436	525
80 200 189	469
349 792 239	1380
243 36 625	904
450 333 980	1763
62 400 222	684
668 539 264	1471
792 38 286	1116
516 544 676	1736
814 290 4	1108
625 689 551	1865
168 286 212	666
310 269 714	1293
685 951 30	1666
874 927 464	2265
546 316 836	1698
30 507 185	722
7 717 775	1499
650 645 718	2013
225 620 144	989
54 88 628	770
118 424 510	1052
975 901 467	2343
304 322 261	887
285 602 105	992
968 19 195	1182
335 491 276	1102
533 72 519	1124
28 428 273	729
19 121 674	814
246 721 510	1477
926 751 672	2349
530 653 328	1511
472 428 728	1628
880 331 621	1832
591 184 687	1462
150 848 127	1125
496 248 708	1452
59 708 903	1670
401 14 989	1404
535 656 237	1428
744 468 681	1893
246 269 819	1334
189 127 393	709
549 897 952	2398
409 917 283	1609
995 42 752	1789
381 847 770	1998
332 519 703	1554
16 99 200	315
255 65 669	989
130 505 469	1104
79 627 440	1146
972 384 316	1672
799 396 46	1241
292 845 684	1821
509 972 290	1771
702 105 223	1030
648 722 238	1608
256 813 296	1365
867 677 18	1562
231 488 194	913
556 315 960	1831
92 377 716	1185
391 13 28	432
425 652 521	1598
5 504 781	1290
186 924 249	1359
713 714 905	2332
665 918 104	1687
400 734 847	1981
47 576 71	694
690 678 533	1901
890 733 391	2014
679 415 70	1164
542 4 325	871
962 333 99	1394
777 752 362	1891
540 839 611	1990
723 281 367	1371
579 980 739	2298
59 807 387	1253
382 101 536	1019
480 897 492	1869
900 127 72	1099
351 636 247	1234
308 372 694	1374
347 827 616	1790
212 156 468	836
578 711 126	1415
58 293 837	1188
125 807 992	1924
708 105 125	938
323 221 753	1297
601 207 493	1301
831 595 244	1670
492 130 610	1232
85 174 876	1135
444 687 38	1169
915 342 717	1974
576 875 539	1990
519 527 177	1223
518 567 507	1592
672 593 588	1853
498 64 298	860
516 962 21	1499
135 834 946	1915
981 795 651	2427
377 47 310	734
234 661 799	1694
184 100 151	435
487 345 15	847
296 236 160	692
526 278 214	1018
773 896 284	1953
766 111 460	1337
301 200 335	836
373 541 859	1773
285 385 778	1448
795 78 626	1499
782 371 86	1239
458 500 54	1012
256 809 550	1615
338 570 184	1092
191 99 627	917
754 757 341	1852
986 415 400	1801
118 340 188	646
482 976 860	2318
496 679 141	1316
948 433 733	2114
205 432 214	851
567 588 547	1702
821 566 351	1738
462 480 153	1095
355 772 136	1263
795 912 12	1719
721 286 625	1632
49 197 261	507
579 795 707	2081
242 469 191	902
368 707 527	1602
272 281 903	1456
789 818 510	2117
819 21 978	1818
680 94 906	1680
102 209 119	430
962 105 267	1334
160 267 935	1362
602 19 509	1130
958 927 444	2329
423 985 58	1466
811 963 900	2674
684 477 439	1600
978 926 746	2650
862 230 258	1350
237 453 266	956
642 932 947	2521
784 160 415	1359
668 383 907	1958
151 779 416	1346
596 34 841	1471
601 650 369	1620
765 174 874	1813
620 603 818	2041
730 309 511	1550
404 762 517	1683
543 26 48	617
543 540 788	1871
26 408 790	1224
919 770 797	2486
662 956 737	2355
392 708 876	1976
781 891 511	2183
594 753 313	1660
975 60 280	1315
844 874 893	2611
706 866 821	2393
243 962 684	1889
627 328 896	1851
594 542 869	2005
301 897 900	2098
801 759 584	2144
545 988 384	1917
849 897 661	2407
208 998 371	1577
765 943 27	1735
323 867 962	2152
15 303 44	362
537 290 823	1650
465 815 118	1398
808 231 585	1624
964 311 368	1643
500 181 494	1175
982 180 386	1548
257 821 763	1841
159 307 412	878
829 31 629	1489
504 669 187	1360
765 701 984	2450
462 422 919	1803
926 979 922	2827
221 246 870	1337
281 761 897	1939
433 874 360	1667
350 126 612	1088
461 932 908	2301
678 993 220	1891
688 977 19	1684
11 752 263	1026
263 89 98	450
392 711 796	1899
86 87 113	286
648 815 634	2097
985 575 47	1607
830 248 258	1336
103 320 186	609
255 760 168	1183
448 777 664	1889
851 465 710	2026
741 376 295	1412
789 930 224	1943
498 647 90	1235
766 987 516	2269
796 511 138	1445
865 929 586	2380
449 269 318	1036
343 129 410	882
134 162 299	595
935 837 479	2251
460 319 944	1723
996 655 517	2168
212 311 781	1304
907 371 928	2206
655 333 751	1739
156 232 170	558
814 662 926	2402
913 748 638	2299
64 682 504	1250
778 863 450	2091
359 598 26	983
413 269 491	1173
705 563 756	2024
923 191 526	1640
39 948 711	1698
642 381 637	1660
519 307 361	1187
873 732 197	1802
189 672 825	1686
373 735 249	1357
930 706 175	1811
719 79 154	952
82 754 834	1670
203 918 723	1844
13 529 366	908
992 263 902	2157
579 619 497	1695
844 657 116	1617
443 643 723	1809
182 800 725	1707
924 953 40	1917
851 702 130	1683
577 453 486	1516
814 608 330	1752
338 921 773	2032
657 877 83	1617
157 21 538	716
659 7 98	764
905 887 126	1918
576 180 827	1583
592 370 871	1833
432 409 860	1701
907 870 732	2509
933 602 389	1924
986 901 682	2569
474 403 322	1199
455 390 741	1586
791 933 868	2592
484 234 807	1525
706 102 456	1264
546 477 216	1239
847 719 308	1874
561 329 30	920
379 467 323	1169
95 374 866	1335
385 51 71	507
653 910 809	2372
39 162 404	605
395 488 596	1479
920 925 480	2325
945 284 948	2177
240 295 365	900
297 207 811	1315
150 289 679	1118
989 611 865	2465
96 829 757	1682
343 91 505	939
314 66 851	1231
22 237 571	830
367 27 78	472
804 710 692	2206
630 985 721	2336
805 468 698	1971
480 231 149	860
126 406 660	1192
246 959 9	1214
799 157 997	1953
2 15 868	885
858 353 547	1758
866 658 396	1920
578 391 169	1138
955 331 654	1940
388 365 350	1103
659 229 249	1137
362 767 849	1978
533 800 306	1639
498 899 332	1729
367 476 466	1309
656 600 194	1450
170 101 641	912
533 776 459	1768
828 82 855	1765
97 909 554	1560
108 15 445	568
846 271 360	1477
21 725 522	1268
13 980 420	1413
699 748 683	2130
201 706 891	1798
706 357 324	1387
413 132 718	1263
453 630 13	1096
812 559 313	1684
95 720 704	1519
149 259 720	1128
668 203 26	897
668 502 462	1632
39 704 820	1563
777 597 286	1660
601 233 226	1060
454 770 772	1996
167 696 576	1439
897 708 671	2276
739 498 635	1872
549 208 702	1459
430 720 276	1426
677 939 145	1761
630 371 584	1585
48 982 760	1790
963 704 377	2044
266 872 203	1341
885 984 38	1907
210 810 819	1839
838 100 608	1546
354 176 442	972
749 996 135	1880
276 703 5	984
752 412 446	1610
2 292 371	665
386 86 972	1444
555 678 301	1534
245 174 964	1383
745 251 324	1320
573 646 209	1428
381 341 28	750
181 985 530	1696
694 611 750	2055
473 98 81	652
529 440 142	1111
424 184 902	1510
528 403 372	1303
301 784 760	1845
121 739 564	1424
489 743 79	1311
364 742 744	1850
481 779 733	1993
634 304 986	1924
331 76 541	948
160 790 898	1848
18 168 857	1043
431 362 85	878
897 278 671	1846
987 173 52	1212
729 175 551	1455
82 610 138	830
265 743 408	1416
979 557 99	1635
798 743 890	2431
887 395 574	1856
442 562 87	1091
492 312 200	1004
545 680 908	2133
604 503 435	1542
593 696 258	1547
751 174 137	1062
846 361 753	1960
107 545 11	663
962 185 908	2055
426 966 468	1860
21 266 19	306
683 38 847	1568
881 460 9	1350
914 814 21	1749
376 523 670	1569
456 272 284	1012
458 306 701	1465
584 516 31	1131
955 836 237	2028
147 1 484	632
916 489 649	2054
490 89 812	1391
599 557 255	1411
244 551 588	1383
715 439 684	1838
929 524 40	1493
977 956 168	2101
930 589 889	2408
663 757 898	2318
857 606 835	2298
814 837 371	2022
43 534 201	778
435 346 29	810
419 337 784	1540
44 183 36	263
82 396 93	571
721 175 143	1039
992 627 498	2117
519 741 482	1742
629 131 450	1210
618 655 214	1487
549 835 349	1733
236 199 320	755
576 267 558	1401
549 184 218	951
446 277 20	743
573 44 982	1599
564 378 310	1252
369 107 407	883
323 994 285	1602
212 668 190	1070
771 346 953	2070
698 26 539	1263
708 663 914	2285
660 810 133	1603
825 367 305	1497
418 285 377	1080
108 956 952	2016
535 723 278	1536
772 440 130	1342
686 583 612	1881
666 755 655	2076
282 811 154	1247
779 125 714	1618
64 855 896	1815
778 263 313	1354
380 138 557	1075
410 376 915	1701
867 547 258	1672
318 212 790	1320
680 740 512	1932
448 703 201	1352
682 337 107	1126
388 745 229	1362
635 343 576	1554
449 883 828	2160
436 476 188	1100
754 51 385	1190
417 804 677	1898
385 102 306	793
336 577 316	1229
387 453 419	1259
879 385 486	1750
285 959 291	1535
10 996 130	1136
270 701 566	1537
858 358 454	1670
31 825 436	1292
917 348 653	1918
566 462 832	1860
293 164 700	1157
30 913 117	1060
278 323 130	731
357 900 402	1659
779 955 94	1828
239 82 477	798
112 145 317	574
946 316 462	1724
960 876 100	1936
373 435 92	900
419 230 654	1303
546 894 398	1838
508 378 854	1740
366 211 559	1136
684 475 900	2059
792 560 74	1426
294 390 402	1086
308 424 752	1484
374 284 303	961
694 491 55	1240
383 211 457	1051
38 989 749	1776
116 180 378	674
226 721 871	1818
380 738 955	2073
784 476 99	1359
980 846 665	2491
627 655 746	2028
827 291 742	1860
239 293 863	1395
420 286 64	770
96 668 464	1228
126 888 743	1757
173 413 908	1494
189 606 293	1088
587 748 306	1641
487 984 186	1657
617 128 939	1684
705 323 782	1810
717 790 659	2166
988 919 90	1997
325 883 624	1832
506 97 77	680
886 158 398	1442
412 781 854	2047
993 498 944	2435
693 914 112	1719
426 272 212	910
424 530 463	1417
290 522 96	908
63 803 665	1531
108 391 179	678
517 110 443	1070
501 682 299	1482
436 714 892	2042
857 455 11	1323
686 112 527	1325
808 673 774	2255
170 395 611	1176
600 856 232	1688
444 475 362	1281
15 559 760	1334
5 104 434	543
67 893 984	1944
292 633 674	1599
377 708 816	1901
128 593 773	1494
726 56 167	949
239 823 945	2007
448 878 637	1963
931 335 645	1911
29 255 679	963
121 760 490	1371
403 899 650	1952
753 894 960	2607
719 950 427	2096
322 710 421	1453
181 572 549	1302
249 6 132	387
368 195 759	1322
23 269 115	407
365 989 456	1810
102 998 361	1461
738 129 895	1762
65 434 733	1232
137 963 348	1448
45 164 323	532
319 348 85	752
658 478 19	1155
374 912 762	2048
270 709 950	1929
878 456 472	1806
155 36 682	873
635 685 432	1752
98 665 808	1571
588 8 694	1290
637 83 396	1116
336 526 341	1203
288 289 811	1388
599 818 952	2369
474 383 900	1757
852 991 648	2491
21 100 220	341
77 744 411	1232
817 550 177	1544
483 449 573	1505
934 610 11	1555
597 679 651	1927
785 680 616	2081
836 347 783	1966
417 575 623	1615
703 895 402	2000
619 69 314	1002
269 476 332	1077
591 259 689	1539
842 791 269	1902
840 804 904	2548
379 231 149	759
70 141 621	832
111 234 863	1208
164 856 559	1579
277 366 531	1174
833 894 794	2521
766 364 562	1692
996 875 617	2488
756 820 545	2121
158 574 904	1636
623 167 248	1038
129 183 847	1159
908 718 983	2609
648 810 184	1642
327 748 537	1612
460 273 211	944
224 142 334	700
459 929 523	1911
534 862 43	1439
338 776 8	1122
149 687 295	1131
872 713 589	2174
592 222 643	1457
261 379 453	1093
933 435 29	1397
981 58 475	1514
554 313 889	1756
517 62 873	1452
641 835 576	2052
816 340 649	1805
886 733 688	2307
297 254 651	1202
96 398 756	1250
58 831 855	1744
688 481 914	2083
511 193 733	1437
785 39 633	1457
3 167 533	703
493 703 466	1662
293 546 787	1626
845 147 79	1071
172 597 214	983
477 989 409	1875
865 223 830	1918
662 318 65	1045
613 105 754	1472
903 781 151	1835
276 628 617	1521
221 435 693	1349
74 156 607	837
666 59 141	866
466 380 983	1829
780 107 970	1857
538 113 833	1484
794 924 266	1984
157 954 682	1793
359 87 413	859
130 863 488	1481
396 315 554	1265
218 7 531	756
70 213 39	322
249 51 349	649
592 846 751	2189
31 861 412	1304
924 336 707	1967
697 188 132	1017
624 730 812	2166
409 831 925	2165
135 393 812	1340
94 30 592	716
61 3 444	508
927 273 89	1289
561 93 874	1528
886 736 897	2519
234 667 510	1411
996 856 28	1880
573 186 791	1550
53 40 33	126
70 59 913	1042
444 533 989	1966
760 343 752	1855
674 712 751	2137
318 538 467	1323
159 283 470	912
423 346 827	1596
454 122 400	976
438 204 54	696
208 358 549	1115
520 797 807	2124
765 191 666	1622
218 872 435	1525
830 107 353	1290
296 208 757	1261
18 27 91	136
407 340 387	1134
40 302 942	1284
642 660 450	1752
77 190 743	1010
433 727 153	1313
385 829 108	1322
21 515 116	652
786 935 942	2663
855 344 886	2085
296 109 531	936
168 836 611	1615
45 633 928	1606
803 979 257	2039
582 102 731	1415
139 296 552	987
815 566 66	1447
774 495 301	1570
977 578 894	2449
215 827 186	1228
916 675 238	1829
602 924 236	1762
573 301 373	1247
40 316 928	1284
262 542 287	1091
851 229 200	1280
707 321 535	1563
215 266 721	1202
961 45 258	1264
200 909 624	1733
593 653 51	1297
165 670 684	1519
712 758 610	2080
165 174 311	650
868 439 230	1537
283 889 82	1254
208 868 550	1626
476 783 718	1977
960 270 849	2079
26 63 316	405
801 283 701	1785
82 624 281	987
68 419 807	1294
271 385 123	779
765 869 372	2006
652 551 190	1393
969 330 335	1634
846 459 955	2260
448 6 716	1170
590 741 89	1420
546 757 565	1868
905 779 533	2217
470 231 751	1452
365 631 910	1906
380 893 650	1923
58 715 401	1174
521 697 358	1576
840 142 550	1532
402 947 504	1853
567 849 471	1887
517 478 758	1753
685 764 453	1902
209 368 932	1509
169 247 192	608
463 746 791	2000
775 762 582	2119
477 678 183	1338
908 923 528	2359
805 135 374	1314
4 317 410	731
279 696 530	1505
73 636 823	1532
118 128 154	400
582 376 89	1047
587 355 600	1542
425 164 421	1010
683 690 182	1555
161 518 808	1487
875 305 259	1439
993 365 669	2027
529 804 253	1586
943 127 137	1207
177 788 597	1562
501 618 568	1687
889 553 17	1459
840 39 141	1020
326 286 694	1306
740 406 801	1947
292 960 866	2118
738 787 753	2278
424 548 102	1074
361 79 658	1098
25 304 47	376
10 98 539	647
61 355 817	1233
401 957 164	1522
205 327 773	1305
135 619 751	1505
13 418 807	1238
474 933 597	2004
261 678 237	1176
160 799 865	1824
645 305 236	1186
525 711 617	1853
120 653 121	894
100 839 684	1623
71 127 426	624
453 953 243	1649
731 150 870	1751
491 218 576	1285
475 858 833	2166
502 726 936	2164
187 982 855	2024
896 590 281	1767
274 756 721	1751
502 977 664	2143
799 326 668	1793
325 121 867	1313
733 25 588	1346
194 842 251	1287
269 650 910	1829
748 27 751	1526
569 95 249	913
679 988 562	2229
686 860 804	2350
74 168 41	283
219 715 251	1185
294 125 634	1053
752 901 212	1865
275 362 718	1355
555 578 15	1148
216 495 859	1570
466 341 301	1108
411 739 869	2019
101 522 133	756
818 121 767	1706
384 75 872	1331
171 459 407	1037
451 913 418	1782
115 805 898	1818
256 263 62	581
712 141 414	1267
270 493 891	1654
767 585 909	2261
918 102 140	1160
955 178 221	1354
834 264 897	1995
235 949 627	1811
983 410 266	1659
222 623 326	1171
209 11 438	658
454 298 767	1519
663 477 744	1884
701 328 726	1755
287 144 586	1017
396 228 417	1041
845 393 949	2187
977 835 454	2266
623 502 921	2046
890 602 425	1917
911 985 944	2840
514 995 972	2481
944 147 620	1711
359 203 745	1307
839 917 406	2162
114 851 909	1874
251 68 824	1143
248 807 321	1376
455 940 45	1440
791 459 682	1932
282 169 1	452
673 909 755	2337
247 794 684	1725
124 106 669	899
24 787 266	1077
810 890 865	2565
916 374 186	1476
766 571 747	2084
855 953 218	2026
427 717 410	1554
576 121 833	1530
863 675 569	2107
333 253 64	650
743 406 872	2021
208 770 83	1061
234 454 392	1080
318 126 691	1135
653 261 371	1285
792 756 572	2120
114 314 502	930
69 130 438	637
894 753 426	2073
415 605 119	1139
698 17 524	1239
267 727 200	1194
433 78 420	931
103 391 491	985
983 477 963	2423
263 93 752	1108
286 21 851	1158
600 184 323	1107
948 458 599	2005
52 383 996	1431
545 584 933	2062
656 233 674	1563
845 755 224	1824
868 612 787	2267
661 717 275	1653
570 205 93	868
643 317 345	1305
799 975 952	2726
798 305 480	1583
620 39 87	746
231 935 333	1499
779 282 755	1816
815 73 760	1648
52 292 567	911
778 570 494	1842
508 567 699	1774
493 557 701	1751
56 67 70	193
181 614 69	864
728 346 282	1356
823 396 282	1501
279 394 747	1420
320 535 974	1829
517 769 890	2176
318 822 693	1833
945 775 455	2175
149 622 893	1664
785 987 102	1874
922 863 236	2021
322 557 662	1541
230 775 593	1598
475 263 483	1221
779 838 594	2211
624 754 865	2243
226 753 431	1410
599 696 930	2225
223 615 363	1201
216 245 336	797
15 247 652	914
869 594 964	2427
957 504 791	2252
887 849 229	1965
611 8 98	717
159 824 172	1155
104 510 216	830
119 107 403	629
308 882 823	2013
7 888 327	1222
583 775 903	2261
698 854 386	1938
1 564 300	865
629 17 138	784
584 263 985	1832
815 218 174	1207
206 846 971	2023
10 569 960	1539
214 590 585	1389
853 270 649	1772
679 776 665	2120
806 878 849	2533
218 245 716	1179
92 854 355	1301
867 292 575	1734
172 794 894	1860
115 860 396	1371
71 659 157	887
22 15 118	155
897 755 810	2462
75 465 330	870
642 899 942	2483
317 928 296	1541
252 363 697	1312
903 151 498	1552
612 825 20	1457
988 175 514	1677
466 454 970	1890
33 242 40	315
795 845 635	2275
636 747 948	2331
224 52 888	1164
756 884 207	1847
180 59 884	1123
338 57 473	868
712 394 616	1722
919 795 732	2446
831 23 738	1592
535 544 370	1449
18 21 326	365
109 632 347	1088
247 760 85	1092
915 81 529	1525
806 691 943	2440
404 174 604	1182
745 762 954	2461
425 501 230	1156
337 249 443	1029
95 818 309	1222
838 467 612	1917
437 500 788	1725
717 302 927	1946
339 156 337	832
288 971 633	1892
997 451 397	1845
782 823 638	2243
631 560 511	1702
788 26 740	1554
94 629 330	1053
333 988 147	1468
898 78 492	1468
913 770 491	2174
594 184 835	1613
121 969 722	1812
495 432 285	1212
663 202 410	1275
764 993 449	2206
343 90 97	530
297 442 735	1474
163 604 270	1037
725 232 648	1605
996 871 212	2079
814 323 32	1169
803 409 37	1249
913 186 548	1647
758 889 672	2319
19 949 823	1791
376 182 858	1416
327 144 773	1244
952 158 288	1398
902 343 56	1301
88 676 930	1694
357 895 686	1938
985 4 606	1595
14 435 962	1411
510 375 287	1172
73 37 780	890
178 58 365	601
867 506 347	1720
943 169 886	1998
435 248 838	1521
397 376 231	1004
185 315 485	985
439 419 736	1594
377 152 476	1005
138 580 674	1392
35 880 775	1690
917 782 103	1802
118 304 133	555
577 14 406	997
512 336 746	1594
651 7 710	1368
52 478 960	1490
406 439 897	1742
882 383 446	1711
361 100 464	925
535 322 982	1839
539 660 799	1998
584 641 468	1693
219 96 780	1095
815 191 911	1917
355 425 151	931
648 308 885	1841
645 824 374	1843
832 15 664	1511
140 142 225	507
377 769 584	1730
798 232 293	1323
344 83 631	1058
231 809 230	1270
652 760 295	1707
28 370 794	1192
249 511 824	1584
600 885 56	1541
11 399 353	763
232 841 231	1304
664 443 878	1985
166 21 813	1000
671 103 126	900
103 525 403	1031
318 130 258	706
425 455 313	1193
513 101 114	728
26 115 700	841
156 102 351	609
118 91 841	1050
833 93 147	1073
718 523 242	1483
219 778 231	1228
146 464 428	1038
542 592 717	1851
142 865 515	1522
316 695 933	1944
248 475 80	803
704 972 242	1918
705 594 736	2035
325 68 17	410
284 490 197	971
762 809 438	2009
949 657 304	1910
599 528 329	1456
168 339 984	1491
434 491 557	1482
627 230 421	1278
19 348 553	920
370 874 728	1972
535 533 848	1916
170 468 34	672
398 754 497	1649
415 37 88	540
854 865 275	1994
549 64 808	1421
256 771 138	1165
742 827 635	2204
356 861 73	1290
880 449 393	1722
559 803 506	1868
243 534 241	1018
248 367 839	1454
257 124 844	1225
877 775 829	2481
505 720 600	1825
320 58 420	798
899 690 720	2309
28 37 611	676
384 597 350	1331
815 874 652	2341
752 831 674	2257
647 560 235	1442
159 158 277	594
564 655 827	2046
466 96 960	1522
471 552 890	1913
419 144 286	849
146 52 169	367
315 822 923	2060
915 766 441	2122
131 157 876	1164
856 720 263	1839
165 329 368	862
488 809 984	2281
30 884 952	1866
847 220 722	1789
82 264 113	459
739 944 249	1932
891 931 2	1824
326 465 696	1487
638 639 702	1979
704 17 219	940
510 218 27	755
723 640 828	2191
563 879 225	1667
700 713 338	1751
229 42 662	933
42 671 349	1062
413 410 748	1571
274 641 383	1298
998 19 649	1666
752 891 557	2200
210 449 336	995
520 453 87	1060
436 567 536	1539
639 967 23	1629
604 599 373	1576
399 10 14	423
978 847 965	2790
82 364 847	1293
644 841 663	2148
788 977 488	2253
869 916 941	2726
491 601 670	1762
477 779 745	2001
258 116 690	1064
894 878 428	2200
105 47 369	521
263 619 181	1063
216 183 206	605
702 383 225	1310
923 494 816	2233
555 60 781	1396
490 770 680	1940
29 654 799	1482
585 442 807	1834
913 518 149	1580
609 784 256	1649
350 834 545	1729
642 802 535	1979
193 136 12	341
797 550 883	2230
486 805 226	1517
464 291 652	1407
15 823 969	1807
651 706 603	1960
895 857 98	1850
469 423 554	1446
812 109 388	1309
988 417 785	2190
74 742 85	901
539 949 867	2355
766 744 212	1722
451 405 786	1642
219 486 165	870
165 422 122	709
510 306 529	1345
389 533 498	1420
929 594 370	1893
718 150 901	1769
875 85 316	1276
495 19 650	1164
746 804 306	1856
812 792 565	2169
229 263 966	1458
453 766 572	1791
581 649 810	2040
55 995 958	2008
585 746 986	2317
205 632 411	1248
89 305 966	1360
70 150 270	490
705 714 294	1713
927 54 349	1330
190 485 608	1283
69 494 906	1469
5 774 375	1154
127 944 979	2050
537 279 579	1395
518 26 533	1077
62 485 274	821
166 936 318	1420
424 904 990	2318
348 183 734	1265
647 612 997	2256
613 350 146	1109
866 921 843	2630
208 680 774	1662
31 730 134	895
776 538 83	1397
766 285 436	1487
330 153 560	1043
691 249 883	1823
11 461 594	1066
609 69 916	1594
185 669 702	1556
373 990 969	2332
348 35 129	512
465 67 861	1393
111 845 367	1323
344 683 563	1590
16 670 812	1498
324 154 403	881
939 281 538	1758
175 295 557	1027
912 296 341	1549
991 81 240	1312
456 887 203	1546
686 679 403	1768
843 611 299	1753
146 80 576	802
891 48 714	1653
718 485 844	2047
104 790 84	978
375 49 215	639
27 998 964	1989
521 336 996	1853
831 199 591	1621
551 243 394	1188
132 251 909	1292
539 407 25	971
390 23 677	1090
588 731 730	2049
147 41 104	292
20 770 935	1725
347 938 103	1388
49 170 596	815
524 294 976	1794
260 648 438	1346
907 650 126	1683
740 12 612	1364
894 260 405	1559
2 106 806	914
900 709 639	2248
207 777 926	1910
751 970 399	2120
536 401 896	1833
419 200 784	1403
289 119 953	1361
691 83 796	1570
392 707 727	1826
937 520 760	2217
675 857 741	2273
1 897 95	993
301 366 433	1100
849 736 561	2146
434 277 722	1433
243 552 337	1132
167 858 190	1215
219 283 327	829
957 22 632	1611
910 423 50	1383
431 72 9	512
818 386 975	2179
55 381 331	767
812 264 138	1214
80 956 282	1318
118 720 766	1604
632 618 24	1274
134 366 631	1131
324 351 828	1503
67 996 367	1430
840 395 582	1817
681 376 318	1375
204 474 955	1633
394 606 100	1100
540 942 557	2039
650 275 850	1775
798 289 601	1688
387 819 177	1383
92 297 759	1148
428 268 108	804
783 587 28	1398
423 432 736	1591
843 196 880	1919
14 805 690	1509
208 292 100	600
290 4 116	410
588 167 244	999
859 839 338	2036
61 690 979	1730
699 944 558	2201
157 654 900	1711
91 886 515	1492
222 95 788	1105
449 822 645	1916
168 847 408	1423
234 475 791	1500
475 135 113	723
458 706 982	2146
449 756 976	2181
731 7 490	1228
402 343 462	1207
17 95 737	849
863 809 344	2016
761 842 634	2237
844 820 217	1881
663 919 424	2006
370 732 402	1504
650 802 827	2279
229 536 870	1635
253 641 54	948
761 722 83	1566
91 132 791	1014
826 821 511	2158
962 244 14	1220
300 756 774	1830
573 510 322	1405
204 221 28	453
714 120 278	1112
696 988 586	2270
407 374 38	819
488 497 462	1447
726 284 718	1728
40 236 180	456
805 539 428	1772
829 121 834	1784
923 491 322	1736
490 956 868	2314
866 394 362	1622
327 60 482	869
884 355 392	1631
317 191 487	995
292 177 520	989
523 209 148	880
734 115 870	1719
19 911 318	1248
605 676 657	1938
723 883 486	2092
21 88 633	742
847 950 537	2334
594 240 714	1548
728 39 408	1175
126 435 704	1265
934 700 869	2503
327 288 97	712
963 140 574	1677
508 59 142	709
813 619 234	1666
985 731 751	2467
156 886 739	1781
680 689 769	2138
869 296 99	1264
789 458 122	1369
360 271 972	1603
321 215 509	1045
998 780 732	2510
703 872 128	1703
361 772 11	1144
406 268 135	809
724 235 980	1939
372 734 135	1241
962 27 381	1370
208 107 913	1228
16 395 200	611
499 879 514	1892
497 312 122	931
537 894 243	1674
548 394 878	1820
403 632 46	1081
459 608 638	1705
215 664 910	1789
676 4 156	836
874 45 464	1383
198 193 679	1070
941 591 415	1947
186 79 369	634
139 580 335	1054
498 549 596	1643
44 185 880	1109
186 873 868	1927
34 756 778	1568
553 925 231	1709
645 240 984	1869
627 730 331	1688
111 842 669	1622
12 241 752	1005
308 576 29	913
425 473 418	1316
867 436 694	1997
264 13 753	1030
156 333 910	1399
295 345 969	1609
406 896 925	2227
623 374 268	1265
172 556 774	1502
184 205 179	568
713 932 3	1648
189 816 177	1182
800 577 261	1638
17 964 218	1199
333 646 22	1001
149 245 195	589
190 544 808	1542
617 840 939	2396
137 523 893	1553
250 540 100	890
672 385 511	1568
835 886 454	2175
945 565 515	2025
174 799 919	1892
938 176 348	1462
98 200 170	468
449 129 473	1051
993 845 855	2693
521 415 14	950
54 396 908	1358
826 466 193	1485
71 650 271	992
718 578 44	1340
97 210 266	573
285 671 691	1647
839 198 832	1869
976 919 624	2519
429 712 391	1532
614 13 862	1489
751 410 575	1736
540 80 29	649
90 939 468	1497
24 592 734	1350
179 673 641	1493
263 117 820	1200
699 815 345	1859
30 11 24	65
846 729 446	2021
556 182 720	1458
163 293 294	750
460 287 485	1232
504 44 133	681
720 66 265	1051
436 993 272	1701
555 342 812	1709
308 376 295	979
565 295 220	1080
969 180 621	1770
810 409 42	1261
318 263 322	903
629 261 431	1321
147 696 441	1284
20 498 421	939
578 132 591	1301
106 951 427	1484
288 141 983	1412
41 217 514	772
135 380 52	567
196 371 701	1268
542 476 586	1604
220 335 473	1028
152 707 163	1022
570 422 705	1697
693 312 73	1078
952 727 871	2550
517 816 924	2257
962 778 868	2608
236 503 936	1675
167 776 336	1279
804 201 404	1409
987 503 585	2075
291 213 154	658
733 103 123	959
78 62 65	205
626 617 7	1250
105 851 544	1500
616 111 225	952
414 305 641	1360
643 404 589	1636
439 2 280	721
511 165 442	1118
693 209 684	1586
116 163 576	855
630 43 133	806
267 815 821	1903
81 965 827	1873
181 970 938	2089
162 843 252	1257
898 969 610	2477
479 562 755	1796
864 455 685	2004
42 168 842	1052
696 303 959	1958
80 510 329	919
247 75 899	1221
840 195 519	1554
354 824 537	1715
497 326 19	842
966 750 42	1758
597 407 960	1964
6 208 534	748
279 949 512	1740
689 775 966	2430
642 489 55	1186
458 177 430	1065
712 540 458	1710
490 59 51	600
834 24 508	1366
127 537 362	1026
323 902 669	1894
33 760 288	1081
981 728 340	2049
533 615 837	1985
712 465 945	2122
912 730 66	1708
441 779 597	1817
459 115 213	787
442 298 623	1363
855 402 500	1757
339 69 949	1357
718 372 334	1424
713 897 514	2124
740 296 145	1181
942 837 522	2301
758 865 66	1689
332 128 548	1008
7 67 23	97
991 659 40	1690
277 783 105	1165
948 484 13	1445
899 266 353	1518
637 356 574	1567
967 253 887	2107
528 77 313	918
786 479 188	1453
66 730 839	1635
848 568 750	2166
155 131 805	1091
813 550 459	1822
531 768 257	1556
811 41 700	1552
166 104 274	544
132 7 305	444
908 360 233	1501
114 867 820	1801
508 140 116	764
350 932 782	2064
673 726 101	1500
915 900 264	2079
700 849 488	2037
238 240 750	1228
885 403 20	1308
21 145 913	1079
286 24 422	732
298 33 789	1120
861 899 284	2044
508 107 438	1053
270 4 273	547
982 785 266	2033
494 463 239	1196
426 5 697	1128
844 774 947	2565
720 449 905	2074
945 353 292	1590
446 879 479	1804
741 588 814	2143
14 861 411	1286
854 262 957	2073
477 724 298	1499
511 724 128	1363
352 26 762	1140
926 202 979	2107
257 709 819	1785
412 781 991	2184
274 746 15	1035
216 156 842	1214
902 991 197	2090
994 64 698	1756
824 507 921	2252
759 599 661	2019
460 964 262	1686
438 137 827	1402
439 750 431	1620
462 795 712	1969
165 870 975	2010
211 814 780	1805
675 72 184	931
326 392 838	1556
453 961 81	1495
949 716 731	2396
642 130 534	1306
178 334 617	1129
272 206 581	1059
763 930 357	2050
199 498 730	1427
547 354 567	1468
97 746 159	1002
750 537 492	1779
432 929 868	2229
94 282 529	905
60 133 160	353
799 779 686	2264
977 287 96	1360
835 429 38	1302
575 767 226	1568
366 244 715	1325
536 178 624	1338
589 988 121	1698
365 214 109	688
212 426 138	776
189 592 656	1437
508 317 374	1199
569 725 954	2248
68 677 98	843
763 849 762	2374
178 249 824	1251
922 337 297	1556
239 170 876	1285
877 129 47	1053
700 21 643	1364
434 101 210	745
333 488 972	1793
637 342 747	1726
939 962 560	2461
818 766 342	1926
60 322 791	1173
179 692 74	945
756 364 32	1152
90 413 792	1295
77 6 294	377
650 28 513	1191
918 694 687	2299
269 708 486	1463
503 573 750	1826
261 775 11	1047
970 734 839	2543
535 406 175	1116
141 115 563	819
909 33 719	1661
644 90 199	933
701 494 123	1318
834 408 955	2197
53 89 327	469
962 570 192	1724
320 482 180	982
748 850 235	1833
413 120 978	1511
505 506 41	1052
684 615 24	1323
327 597 433	1357
135 644 932	1711
775 502 546	1823
8 689 932	1629
982 768 592	2342
99 203 865	1167
866 800 982	2648
742 491 707	1940
86 394 884	1364
621 805 255	1681
435 276 56	767
488 239 263	990
964 978 12	1954
846 739 949	2534
921 138 563	1622
86 569 153	808
975 678 977	2630
219 354 696	1269
489 641 666	1796
418 740 923	2081
882 917 227	2026
319 39 79	437
311 760 109	1180
876 443 166	1485
559 994 938	2491
589 676 848	2113
109 8 712	829
500 881 146	1527
236 418 614	1268
234 963 856	2053
858 196 395	1449
508 511 75	1094
207 193 276	676
96 871 819	1786
636 379 675	1690
61 706 314	1081
701 485 249	1435
394 30 450	874
197 680 514	1391
234 145 76	455
951 773 648	2372
254 453 440	1147
717 283 321	1321
55 978 745	1778
361 945 991	2297
74 598 950	1622
923 950 721	2594
484 67 54	605
425 12 395	832
617 707 615	1939
797 521 684	2002
668 480 211	1359
398 793 874	2065
749 644 338	1731
898 660 572	2130
752 287 301	1340
978 263 179	1420
361 1 538	900
949 64 35	1048
547 757 363	1667
657 392 577	1626
437 919 244	1600
261 978 254	1493
127 393 248	768
42 671 334	1047
793 363 799	1955
249 771 49	1069
771 478 665	1914
567 411 748	1726
467 324 859	1650
376 191 253	820
902 284 888	2074
124 299 972	1395
684 634 884	2202
611 981 358	1950
175 94 754	1023
140 334 547	1021
414 278 216	908
580 168 452	1200
158 982 110	1250
808 896 723	2427
519 532 100	1151
946 719 387	2052
431 709 245	1385
186 395 906	1487
844 165 897	1906
643 278 754	1675
452 201 72	725
225 878 700	1803
390 340 856	1586
636 326 74	1036
890 532 242	1664
172 647 911	1730
687 497 860	2044
697 74 26	797
35 438 594	1067
18 632 6	656
176 911 721	1808
705 534 341	1580
792 539 324	1655
182 816 940	1938
71 925 339	1335
222 401 637	1260
917 596 585	2098
157 491 166	814
667 666 369	1702
449 637 204	1290
578 804 369	1751
862 109 943	1914
316 621 137	1074
461 741 704	1906
138 500 344	982
264 573 364	1201
889 899 521	2309
168 556 669	1393
45 569 430	1044
634 157 974	1765
55 331 351	737
504 232 941	1677
210 699 670	1579
207 844 687	1738
751 457 702	1910
786 190 916	1892
81 472 925	1478
869 185 410	1464
421 730 612	1763
450 882 194	1526
544 80 78	702
818 142 608	1568
402 118 822	1342
432 698 289	1419
786 826 153	1765
834 673 207	1714
267 402 603	1272
885 202 894	1981
259 737 751	1747
882 897 540	2319
141 67 698	906
649 979 58	1686
493 480 871	1844
507 892 209	1608
917 619 978	2514
947 385 662	1994
408 515 739	1662
662 578 356	1596
102 267 989	1358
805 806 96	1707
869 173 963	2005
542 308 432	1282
43 65 234	342
793 799 412	2004
9 758 252	1019
351 571 882	1804
950 459 883	2292
976 482 932	2390
453 595 962	2010
632 927 996	2555
435 572 487	1494
326 939 153	1418
409 264 612	1285
12 732 633	1377
908 323 471	1702
102 397 481	980
235 199 362	796
758 582 301	1641
676 546 72	1294
74 559 783	1416
60 793 806	1659
31 451 112	594
828 155 693	1676
970 783 456	2209
227 769 52	1048
180 908 755	1843
281 800 868	1949
610 79 762	1451
987 450 236	1673
768 167 394	1329
494 574 340	1408
163 275 815	1253
129 267 713	1109
650 349 963	1962
743 925 258	1926
662 184 946	1792
161 615 136	912
491 595 373	1459
74 830 986	1890
339 677 849	1865
247 281 109	637
525 834 319	1678
613 426 860	1899
146 313 207	666
376 75 964	1415
219 503 15	737
86 445 500	1031
543 690 988	2221
852 461 51	1364
770 649 332	1751
905 424 707	2036
837 195 78	1110
927 546 179	1652
407 62 437	906
82 155 192	429
324 17 791	1132
274 699 916	1889
182 82 887	1151
847 303 910	2060
761 57 751	1569
848 14 885	1747
133 947 417	1497
449 113 309	871
477 641 230	1348
728 183 31	942
620 541 72	1233
518 909 340	1767
286 204 890	1380
712 833 191	1736
240 993 645	1878
431 360 403	1194
832 399 174	1405
218 286 856	1360
232 861 324	1417
727 762 129	1618
977 256 5	1238
224 952 274	1450
923 444 118	1485
638 307 974	1919
964 202 872	2038
523 664 185	1372
144 528 43	715
508 420 841	1769
268 822 12	1102
970 10 576	1556
550 123 513	1186
91 796 703	1590
506 961 2	1469
467 390 2	859
286 819 192	1297
67 897 369	1333
694 995 512	2201
192 289 107	588
178 980 596	1754
532 643 62	1237
584 182 799	1565
510 991 235	1736
347 557 677	1581
402 475 104	981
195 111 880	1186
459 109 803	1371
440 223 192	855
385 831 406	1622
197 165 379	741
503 328 171	1002
558 711 211	1480
940 57 260	1257
161 429 55	645
504 13 726	1243
286 316 776	1378
249 777 627	1653
318 729 464	1511
865 486 727	2078
397 521 973	1891
459 548 28	1035
98 846 153	1097
846 561 955	2362
952 686 97	1735
436 630 215	1281
687 310 633	1630
785 632 415	1832
962 894 829	2685
653 83 12	748
629 354 500	1483
176 836 388	1400
292 848 448	1588
157 202 470	829
487 884 548	1919
832 602 210	1644
247 635 714	1596
148 776 42	966
8 428 783	1219
397 412 368	1177
407 438 204	1049
498 903 914	2315
550 23 867	1440
101 345 227	673
281 488 915	1684
962 881 692	2535
547 594 338	1479
325 638 109	1072
655 370 75	1100
391 461 427	1279
852 241 740	1833
603 779 4	1386
372 485 539	1396
214 888 586	1688
595 519 578	1692
121 151 57	329
608 541 325	1474
581 922 338	1841
293 279 964	1536
163 566 737	1466
783 768 841	2392
193 821 857	1871
257 822 287	1366
685 555 757	1997
326 29 936	1291
189 73 625	887
322 118 806	1246
832 957 903	2692
603 814 366	1783
318 255 459	1032
921 238 319	1478
659 912 345	1916
915 146 1	1062
548 325 334	1207
928 366 822	2116
420 654 466	1540
647 821 14	1482
539 798 815	2152
318 78 482	878
966 979 812	2757
297 616 567	1480
463 382 864	1709
419 83 967	1469
619 384 475	1478
134 874 661	1669
288 315 246	849
738 237 663	1638
672 32 319	1023
472 756 807	2035
114 553 310	977
762 640 771	2173
513 30 133	676
676 310 994	1980
482 87 823	1392
696 742 75	1513
325 651 981	1957
522 38 283	843
862 640 224	1726
671 889 123	1683
394 418 441	1253
112 130 649	891
356 777 433	1566
480 816 119	1415
305 796 532	1633
435 339 177	951
332 690 82	1104
485 531 757	1773
956 306 411	1673
873 548 710	2131
822 294 246	1362
918 780 263	1961
870 91 393	1354
370 609 785	1764
622 657 359	1638
428 594 660	1682
888 373 746	2007
446 141 828	1415
336 495 808	1639
52 865 234	1151
602 698 595	1895
110 781 423	1314
105 526 542	1173
197 876 8	1081
804 469 83	1356
727 332 874	1933
517 131 272	920
367 483 784	1634
107 933 719	1759
61 740 667	1468
681 297 526	1504
957 409 47	1413
289 680 923	1892
915 301 653	1869
641 163 450	1254
309 161 320	790
148 467 362	977
388 30 982	1400
897 812 111	1820
190 383 448	1021
164 287 935	1386
246 401 675	1322
551 780 968	2299
214 56 645	915
969 767 96	1832
887 295 203	1385
730 747 236	1713
931 350 661	1942
29 61 769	859
239 578 257	1074
134 104 30	268
617 419 321	1357
14 315 409	738
226 884 58	1168
401 489 698	1588
318 588 905	1811
197 459 146	802
151 173 908	1232
343 447 916	1706
261 559 336	1156
955 337 956	2248
95 921 806	1822
14 917 715	1646
208 755 372	1335
137 99 296	532
512 229 172	913
725 553 72	1350
221 956 348	1525
13 344 65	422
366 94 326	786
351 93 589	1033
371 140 751	1262
596 329 650	1575
622 819 816	2257
68 359 110	537
61 733 928	1722
992 998 868	2858
310 807 761	1878
324 91 706	1121
909 160 648	1717
597 715 264	1576
606 139 45	790
340 985 107	1432
903 505 681	2089
51 974 401	1426
559 844 83	1486
154 354 111	619
457 229 820	1506
552 234 443	1229
573 851 643	2067
564 107 954	1625
997 135 223	1355
553 259 895	1707
665 621 701	1987
847 101 816	1764
343 227 325	895
111 844 721	1676
338 572 208	1118
31 901 139	1071
422 237 302	961
532 54 149	735
812 83 294	1189
82 856 292	1230
387 492 517	1396
631 452 646	1729
913 627 986	2526
