17 11 39	67
10 45 34	89
71 84 1	156
135 19 4	158
140 23 7	170
152 26 1	179
141 26 13	180
135 34 17	186
2 8 189	199
108 27 74	209
62 124 26	212
31 175 8	214
1 208 12	221
119 64 42	225
17 187 32	236
17 187 32	236
86 129 26	241
113 53 77	243
70 92 102	264
70 92 102	264
62 185 19	266
39 157 71	267
119 127 23	269
133 72 81	286
124 23 145	292
68 56 170	294
68 56 170	294
147 97 52	296
147 97 52	296
144 4 151	299
121 28 155	304
87 210 10	307
287 19 8	314
140 150 26	316
65 77 178	320
65 77 178	320
65 77 178	320
1 160 164	325
149 33 146	328
27 33 275	335
172 2 173	347
34 252 63	349
34 252 63	349
165 129 56	350
11 47 295	353
11 47 295	353
107 23 228	358
47 41 278	366
138 97 145	380
245 139 2	386
51 28 315	394
45 291 61	397
150 194 56	400
187 17 198	402
187 17 198	402
187 17 198	402
187 96 120	403
229 111 65	405
156 161 89	406
109 71 230	410
109 71 230	410
12 62 337	411
12 62 337	411
13 153 246	412
186 76 153	415
92 214 110	416
190 184 51	425
46 62 318	426
49 113 266	428
98 229 108	435
223 206 9	438
195 191 53	439
195 191 53	439
161 40 241	442
161 40 241	442
161 40 241	442
284 51 113	448
191 205 59	455
193 158 109	460
106 150 212	468
133 281 56	470
193 31 248	472
193 31 248	472
193 31 248	472
363 35 82	480
4 195 282	481
4 195 282	481
16 379 87	482
80 168 236	484
80 168 236	484
80 168 236	484
44 422 20	486
171 4 313	488
162 266 68	496
2 77 425	504
182 18 318	518
182 18 318	518
254 148 118	520
142 153 227	522
182 159 184	525
372 126 31	529
345 4 183	532
345 4 183	532
345 4 183	532
447 7 80	534
14 265 256	535
14 265 256	535
4 32 501	537
4 32 501	537
508 15 19	542
144 28 371	543
144 28 371	543
103 272 169	544
205 268 74	547
205 268 74	547
123 168 257	548
100 38 411	549
100 38 411	549
171 234 145	550
36 233 282	551
96 133 323	552
355 117 85	557
13 496 49	558
13 496 49	558
182 198 180	560
74 122 366	562
74 122 366	562
19 22 522	563
19 22 522	563
85 51 430	566
339 20 210	569
389 132 49	570
389 132 49	570
212 304 58	574
212 304 58	574
222 198 155	575
160 53 363	576
160 53 363	576
467 99 12	578
467 99 12	578
330 46 205	581
302 92 188	582
149 21 414	584
119 281 187	587
119 281 187	587
74 137 377	588
26 280 287	593
30 149 424	603
126 65 413	604
126 65 413	604
126 65 413	604
210 73 322	605
17 244 345	606
545 12 52	609
372 140 101	613
208 399 8	615
228 348 40	616
228 348 40	616
276 293 49	618
262 120 237	619
22 367 232	621
468 112 43	623
468 112 43	623
177 372 76	625
28 88 510	626
121 326 182	629
121 326 182	629
242 224 164	630
326 297 11	634
1 610 24	635
1 610 24	635
85 412 139	636
332 131 174	637
52 113 474	639
52 113 474	639
186 17 438	641
92 29 522	643
92 29 522	643
61 191 392	644
4 554 87	645
281 203 162	646
281 203 162	646
253 98 298	649
253 98 298	649
259 308 83	650
168 455 31	654
168 455 31	654
168 455 31	654
101 270 284	655
164 206 287	657
164 206 287	657
471 33 154	658
471 33 154	658
303 207 149	659
3 426 236	665
157 96 413	666
107 243 317	667
107 243 317	667
169 373 128	670
35 633 6	674
431 84 160	675
431 84 160	675
51 440 186	677
10 229 439	678
223 300 156	679
223 300 156	679
362 65 254	681
486 47 149	682
245 53 385	683
245 53 385	683
117 16 551	684
160 423 102	685
160 423 102	685
160 423 102	685
160 423 102	685
336 347 3	686
336 347 3	686
368 160 159	687
429 124 136	689
116 15 560	691
41 532 119	692
41 532 119	692
24 178 492	694
191 132 372	695
46 525 126	697
46 525 126	697
169 277 252	698
169 277 252	698
169 277 252	698
169 277 252	698
627 64 8	699
627 64 8	699
86 494 120	700
214 228 259	701
214 228 259	701
214 228 259	701
488 172 43	703
140 372 193	705
140 372 193	705
29 609 72	710
241 189 281	711
368 108 236	712
310 365 39	714
310 365 39	714
310 365 39	714
509 10 196	715
58 315 343	716
96 126 497	719
96 126 497	719
109 438 174	721
243 346 133	722
243 346 133	722
243 346 133	722
446 108 171	725
446 108 171	725
12 519 196	727
543 150 35	728
543 150 35	728
543 150 35	728
634 24 71	729
245 13 475	733
245 13 475	733
87 306 342	735
239 131 367	737
177 120 441	738
418 266 57	741
418 266 57	741
154 95 493	742
391 150 202	743
169 259 316	744
140 381 224	745
120 99 527	746
120 99 527	746
120 99 527	746
337 164 246	747
337 164 246	747
50 536 164	750
84 496 172	752
12 352 389	753
12 352 389	753
284 389 81	754
284 389 81	754
284 389 81	754
53 212 490	755
431 236 90	757
431 236 90	757
431 236 90	757
313 103 342	758
313 103 342	758
313 103 342	758
313 103 342	758
313 103 342	758
534 217 8	759
372 191 198	761
527 24 211	762
262 492 9	763
262 492 9	763
262 492 9	763
454 298 12	764
152 19 594	765
67 113 586	766
250 424 94	768
250 424 94	768
500 54 215	769
99 2 669	770
99 2 669	770
184 15 572	771
184 15 572	771
629 39 104	772
629 39 104	772
47 610 116	773
300 154 320	774
467 29 281	777
556 34 188	778
181 421 177	779
496 65 219	780
47 641 93	781
390 99 293	782
390 99 293	782
390 99 293	782
53 566 165	784
53 566 165	784
14 581 191	786
39 90 658	787
113 84 591	788
426 203 161	790
305 436 51	792
305 436 51	792
236 4 553	793
236 4 553	793
294 494 6	794
436 63 297	796
436 63 297	796
436 63 297	796
436 63 297	796
339 127 331	797
339 127 331	797
17 702 79	798
118 52 629	799
118 52 629	799
303 375 124	802
303 375 124	802
303 375 124	802
3 691 109	803
707 81 16	804
632 2 171	805
632 2 171	805
52 718 36	806
52 718 36	806
371 326 110	807
371 326 110	807
45 248 515	808
275 19 515	809
5 177 629	811
375 159 278	812
285 203 325	813
446 21 347	814
126 416 273	815
707 47 62	816
343 242 235	820
343 242 235	820
100 387 334	821
100 387 334	821
48 520 255	823
48 520 255	823
48 520 255	823
16 394 414	824
133 477 216	826
133 477 216	826
685 130 12	827
685 130 12	827
685 130 12	827
125 207 496	828
125 207 496	828
125 207 496	828
2 488 339	829
278 365 189	832
278 365 189	832
278 365 189	832
278 365 189	832
74 394 366	834
324 496 16	836
175 100 562	837
449 329 60	838
449 329 60	838
98 626 115	839
47 101 692	840
47 101 692	840
47 101 692	840
582 184 75	841
244 367 231	842
309 190 344	843
309 190 344	843
309 190 344	843
92 269 483	844
664 60 121	845
664 60 121	845
664 60 121	845
293 133 420	846
293 133 420	846
293 133 420	846
293 133 420	846
293 133 420	846
588 65 195	848
588 65 195	848
594 201 55	850
594 201 55	850
594 201 55	850
594 201 55	850
302 342 207	851
302 342 207	851
48 332 472	852
280 399 176	855
280 399 176	855
21 2 833	856
525 157 175	857
525 157 175	857
525 157 175	857
525 157 175	857
570 18 271	859
196 559 105	860
196 559 105	860
725 21 115	861
116 376 370	862
116 376 370	862
274 468 122	864
274 468 122	864
143 502 221	866
141 76 650	867
141 76 650	867
141 76 650	867
837 16 15	868
837 16 15	868
14 473 382	869
14 473 382	869
14 473 382	869
14 473 382	869
427 209 234	870
403 189 280	872
403 189 280	872
403 189 280	872
48 719 106	873
35 363 477	875
35 363 477	875
226 241 409	876
226 241 409	876
413 446 18	877
79 531 268	878
79 531 268	878
79 531 268	878
280 121 478	879
280 121 478	879
479 181 220	880
479 181 220	880
202 307 372	881
202 307 372	881
202 307 372	881
451 376 55	882
451 376 55	882
386 332 165	883
241 282 361	884
298 84 503	885
407 20 461	888
407 20 461	888
310 192 389	891
310 192 389	891
310 192 389	891
315 32 545	892
315 32 545	892
69 782 43	894
69 782 43	894
458 91 348	897
351 527 20	898
351 527 20	898
23 509 367	899
23 509 367	899
71 460 370	901
71 460 370	901
71 460 370	901
184 234 484	902
392 335 176	903
392 335 176	903
880 20 4	904
155 650 100	905
587 57 262	906
288 506 114	908
288 506 114	908
288 506 114	908
358 396 155	909
143 328 439	910
143 328 439	910
270 531 110	911
140 334 438	912
140 334 438	912
251 184 478	913
73 343 498	914
73 343 498	914
73 343 498	914
14 464 437	915
14 464 437	915
532 217 167	916
404 476 37	917
162 671 85	918
289 2 628	919
289 2 628	919
289 2 628	919
289 2 628	919
289 2 628	919
653 155 112	920
653 155 112	920
653 155 112	920
653 155 112	920
333 234 354	921
333 234 354	921
42 609 271	922
535 234 155	924
276 459 190	925
276 459 190	925
276 459 190	925
285 301 340	926
285 301 340	926
285 301 340	926
295 125 508	928
295 125 508	928
295 125 508	928
106 583 240	929
106 583 240	929
106 583 240	929
89 104 737	930
89 104 737	930
144 657 131	932
144 657 131	932
144 657 131	932
225 214 494	933
225 214 494	933
672 18 244	934
672 18 244	934
338 436 162	936
338 436 162	936
2 734 201	937
2 734 201	937
120 622 198	940
424 104 413	941
548 201 193	942
293 241 409	943
555 145 244	944
470 40 435	945
202 734 10	946
373 258 316	947
373 258 316	947
373 258 316	947
337 538 74	949
337 538 74	949
383 529 38	950
329 249 373	951
329 249 373	951
329 249 373	951
329 249 373	951
33 462 457	952
33 462 457	952
33 462 457	952
33 462 457	952
828 28 97	953
828 28 97	953
828 28 97	953
750 19 185	954
750 19 185	954
189 64 702	955
164 413 380	957
164 413 380	957
188 210 560	958
188 210 560	958
188 210 560	958
256 331 372	959
799 3 158	960
162 35 764	961
162 35 764	961
162 35 764	961
512 326 124	962
512 326 124	962
809 42 112	963
809 42 112	963
809 42 112	963
85 98 781	964
85 98 781	964
252 468 245	965
330 225 411	966
330 225 411	966
330 225 411	966
330 225 411	966
545 11 411	967
618 213 138	969
618 213 138	969
618 213 138	969
652 8 310	970
720 56 195	971
720 56 195	971
235 254 483	972
411 276 286	973
411 276 286	973
411 276 286	973
411 276 286	973
536 228 210	974
536 228 210	974
648 3 325	976
648 3 325	976
313 190 474	977
313 190 474	977
313 190 474	977
313 190 474	977
81 71 826	978
81 71 826	978
81 71 826	978
343 101 535	979
167 422 391	980
15 208 758	981
15 208 758	981
15 208 758	981
231 718 33	982
368 52 563	983
97 107 780	984
97 107 780	984
97 107 780	984
296 45 644	985
118 433 435	986
118 433 435	986
118 433 435	986
3 613 371	987
3 613 371	987
9 521 458	988
9 521 458	988
449 464 77	990
33 448 510	991
33 448 510	991
33 448 510	991
33 448 510	991
33 448 510	991
489 131 372	992
460 348 185	993
460 348 185	993
176 650 168	994
101 685 210	996
266 473 258	997
266 473 258	997
266 473 258	997
266 473 258	997
266 473 258	997
266 473 258	997
553 219 226	998
553 219 226	998
324 519 156	999
324 519 156	999
324 519 156	999
808 184 9	1001
808 184 9	1001
808 184 9	1001
808 184 9	1001
808 184 9	1001
658 313 31	1002
113 458 432	1003
113 458 432	1003
113 458 432	1003
115 712 177	1004
115 712 177	1004
430 97 478	1005
430 97 478	1005
430 97 478	1005
430 97 478	1005
527 36 443	1006
598 201 208	1007
598 201 208	1007
61 646 301	1008
61 646 301	1008
61 646 301	1008
195 589 225	1009
615 246 149	1010
306 364 341	1011
248 196 568	1012
173 680 160	1013
173 680 160	1013
173 680 160	1013
112 179 723	1014
227 475 313	1015
227 475 313	1015
702 190 125	1017
378 566 74	1018
378 566 74	1018
378 566 74	1018
257 258 504	1019
257 258 504	1019
257 258 504	1019
122 353 545	1020
122 353 545	1020
248 363 410	1021
592 304 126	1022
178 263 583	1024
178 263 583	1024
178 263 583	1024
178 263 583	1024
178 263 583	1024
178 263 583	1024
413 522 90	1025
413 522 90	1025
354 606 66	1026
203 776 48	1027
203 776 48	1027
452 68 508	1028
452 68 508	1028
452 68 508	1028
124 240 665	1029
124 240 665	1029
39 677 314	1030
39 677 314	1030
39 677 314	1030
39 677 314	1030
39 677 314	1030
154 3 874	1031
154 3 874	1031
154 3 874	1031
154 3 874	1031
151 132 749	1032
264 519 251	1034
264 519 251	1034
806 149 80	1035
806 149 80	1035
866 109 61	1036
357 141 539	1037
357 141 539	1037
357 141 539	1037
357 141 539	1037
357 141 539	1037
110 160 768	1038
472 52 515	1039
472 52 515	1039
472 52 515	1039
18 290 732	1040
19 412 611	1042
170 775 98	1043
170 775 98	1043
170 775 98	1043
170 775 98	1043
170 775 98	1043
139 538 367	1044
139 538 367	1044
139 538 367	1044
139 538 367	1044
737 267 41	1045
291 654 101	1046
23 675 349	1047
23 675 349	1047
23 675 349	1047
441 273 334	1048
441 273 334	1048
488 460 101	1049
38 153 859	1050
38 153 859	1050
227 641 183	1051
227 641 183	1051
590 322 140	1052
590 322 140	1052
154 194 705	1053
154 194 705	1053
259 406 389	1054
259 406 389	1054
71 173 811	1055
195 701 160	1056
195 701 160	1056
40 447 570	1057
40 447 570	1057
40 447 570	1057
40 447 570	1057
40 447 570	1057
248 53 757	1058
248 53 757	1058
241 115 703	1059
241 115 703	1059
295 495 270	1060
295 495 270	1060
295 495 270	1060
295 495 270	1060
889 76 96	1061
889 76 96	1061
889 76 96	1061
889 76 96	1061
249 801 12	1062
634 352 78	1064
634 352 78	1064
269 576 220	1065
269 576 220	1065
745 253 68	1066
745 253 68	1066
410 294 363	1067
410 294 363	1067
424 347 297	1068
334 420 315	1069
334 420 315	1069
197 74 799	1070
197 74 799	1070
764 137 170	1071
764 137 170	1071
764 137 170	1071
764 137 170	1071
764 137 170	1071
756 171 145	1072
756 171 145	1072
756 171 145	1072
271 254 548	1073
271 254 548	1073
510 354 210	1074
510 354 210	1074
107 613 355	1075
107 613 355	1075
107 613 355	1075
380 77 619	1076
380 77 619	1076
322 684 71	1077
322 684 71	1077
322 684 71	1077
322 684 71	1077
55 808 216	1079
55 808 216	1079
128 848 104	1080
128 848 104	1080
657 224 200	1081
657 224 200	1081
640 80 362	1082
640 80 362	1082
54 195 834	1083
54 195 834	1083
54 195 834	1083
145 421 519	1085
145 421 519	1085
369 463 254	1086
99 196 792	1087
99 196 792	1087
99 196 792	1087
99 196 792	1087
551 269 268	1088
551 269 268	1088
881 115 93	1089
784 149 157	1090
784 149 157	1090
784 149 157	1090
784 149 157	1090
20 410 661	1091
20 410 661	1091
51 645 396	1092
51 645 396	1092
51 645 396	1092
51 645 396	1092
391 107 595	1093
391 107 595	1093
391 107 595	1093
391 107 595	1093
391 107 595	1093
391 107 595	1093
216 486 392	1094
216 486 392	1094
216 486 392	1094
935 136 25	1096
935 136 25	1096
935 136 25	1096
935 136 25	1096
149 602 346	1097
149 602 346	1097
149 602 346	1097
116 416 566	1098
254 303 542	1099
470 285 345	1100
470 285 345	1100
470 285 345	1100
359 362 380	1101
408 411 285	1104
408 411 285	1104
408 411 285	1104
631 42 432	1105
631 42 432	1105
62 863 181	1106
62 863 181	1106
62 863 181	1106
448 289 370	1107
448 289 370	1107
786 35 287	1108
786 35 287	1108
786 35 287	1108
786 35 287	1108
786 35 287	1108
786 35 287	1108
786 35 287	1108
290 467 352	1109
290 467 352	1109
290 467 352	1109
290 467 352	1109
290 467 352	1109
290 467 352	1109
55 697 358	1110
55 697 358	1110
55 697 358	1110
383 663 65	1111
383 663 65	1111
383 663 65	1111
377 155 580	1112
377 155 580	1112
377 155 580	1112
377 155 580	1112
377 155 580	1112
377 155 580	1112
377 155 580	1112
377 155 580	1112
143 927 43	1113
143 927 43	1113
31 270 813	1114
449 488 178	1115
449 488 178	1115
449 488 178	1115
127 800 190	1117
127 800 190	1117
127 800 190	1117
127 800 190	1117
582 84 452	1118
582 84 452	1118
690 184 245	1119
30 160 930	1120
30 160 930	1120
30 160 930	1120
177 759 185	1121
177 759 185	1121
787 71 264	1122
787 71 264	1122
557 457 109	1123
557 457 109	1123
23 104 997	1124
23 104 997	1124
23 104 997	1124
23 104 997	1124
23 104 997	1124
23 104 997	1124
607 88 430	1125
261 234 631	1126
261 234 631	1126
261 234 631	1126
261 234 631	1126
261 234 631	1126
233 322 572	1127
200 914 14	1128
200 914 14	1128
368 533 228	1129
805 296 29	1130
805 296 29	1130
805 296 29	1130
447 488 196	1131
252 736 144	1132
100 955 78	1133
100 955 78	1133
449 289 396	1134
449 289 396	1134
449 289 396	1134
449 289 396	1134
556 168 411	1135
556 168 411	1135
556 168 411	1135
118 300 718	1136
118 300 718	1136
181 27 929	1137
181 27 929	1137
293 684 161	1138
293 684 161	1138
604 412 123	1139
604 412 123	1139
604 412 123	1139
604 412 123	1139
468 278 395	1141
468 278 395	1141
468 278 395	1141
468 278 395	1141
547 41 554	1142
547 41 554	1142
675 240 228	1143
675 240 228	1143
781 39 324	1144
781 39 324	1144
781 39 324	1144
781 39 324	1144
329 400 416	1145
329 400 416	1145
329 400 416	1145
329 400 416	1145
329 400 416	1145
55 419 672	1146
55 419 672	1146
55 419 672	1146
55 419 672	1146
392 724 31	1147
392 724 31	1147
392 724 31	1147
560 554 34	1148
560 554 34	1148
666 231 253	1150
666 231 253	1150
280 325 546	1151
280 325 546	1151
280 325 546	1151
280 325 546	1151
280 325 546	1151
124 364 664	1152
124 364 664	1152
124 364 664	1152
124 364 664	1152
124 364 664	1152
124 364 664	1152
711 80 362	1153
711 80 362	1153
444 178 532	1154
416 518 221	1155
416 518 221	1155
443 18 695	1156
443 18 695	1156
951 77 129	1157
232 211 716	1159
232 211 716	1159
43 523 594	1160
43 523 594	1160
43 523 594	1160
43 523 594	1160
43 523 594	1160
393 211 557	1161
393 211 557	1161
706 113 343	1162
706 113 343	1162
706 113 343	1162
706 113 343	1162
617 286 260	1163
617 286 260	1163
74 828 262	1164
113 283 769	1165
113 283 769	1165
267 382 517	1166
267 382 517	1166
267 382 517	1166
267 382 517	1166
100 580 487	1167
100 580 487	1167
100 580 487	1167
100 580 487	1167
100 580 487	1167
100 580 487	1167
100 580 487	1167
119 132 917	1168
119 132 917	1168
119 132 917	1168
119 132 917	1168
119 132 917	1168
119 132 917	1168
9 907 253	1169
9 907 253	1169
9 907 253	1169
9 907 253	1169
193 393 584	1170
546 315 310	1171
546 315 310	1171
546 315 310	1171
149 524 499	1172
28 536 609	1173
28 536 609	1173
28 536 609	1173
543 392 239	1174
543 392 239	1174
543 392 239	1174
543 392 239	1174
543 392 239	1174
150 454 571	1175
916 182 78	1176
916 182 78	1176
916 182 78	1176
106 944 127	1177
106 944 127	1177
106 944 127	1177
346 758 74	1178
346 758 74	1178
166 400 614	1180
585 358 238	1181
228 475 479	1182
228 475 479	1182
582 273 328	1183
582 273 328	1183
582 273 328	1183
582 273 328	1183
582 273 328	1183
582 273 328	1183
337 610 237	1184
337 610 237	1184
337 610 237	1184
337 610 237	1184
337 610 237	1184
397 400 388	1185
397 400 388	1185
300 169 717	1186
300 169 717	1186
300 169 717	1186
96 602 489	1187
96 602 489	1187
96 602 489	1187
650 183 355	1188
650 183 355	1188
405 657 127	1189
374 123 693	1190
374 123 693	1190
374 123 693	1190
587 442 162	1191
587 442 162	1191
587 442 162	1191
495 390 307	1192
328 707 158	1193
598 348 248	1194
598 348 248	1194
598 348 248	1194
325 209 661	1195
325 209 661	1195
217 353 626	1196
217 353 626	1196
217 353 626	1196
424 138 635	1197
424 138 635	1197
424 138 635	1197
387 606 206	1199
387 606 206	1199
387 606 206	1199
70 517 613	1200
70 517 613	1200
371 388 442	1201
371 388 442	1201
371 388 442	1201
371 388 442	1201
371 388 442	1201
455 328 419	1202
455 328 419	1202
455 328 419	1202
455 328 419	1202
455 328 419	1202
455 328 419	1202
455 328 419	1202
455 328 419	1202
48 644 511	1203
48 644 511	1203
48 644 511	1203
48 644 511	1203
48 644 511	1203
48 644 511	1203
610 490 105	1205
610 490 105	1205
297 308 601	1206
297 308 601	1206
60 945 202	1207
60 945 202	1207
60 945 202	1207
60 945 202	1207
422 510 276	1208
494 705 10	1209
494 705 10	1209
494 705 10	1209
48 569 593	1210
48 569 593	1210
230 516 465	1211
230 516 465	1211
646 80 486	1212
646 80 486	1212
833 308 72	1213
833 308 72	1213
833 308 72	1213
232 857 125	1214
33 250 932	1215
33 250 932	1215
33 250 932	1215
33 250 932	1215
1 414 801	1216
1 414 801	1216
1 414 801	1216
354 364 499	1217
765 414 39	1218
593 553 73	1219
593 553 73	1219
593 553 73	1219
138 510 572	1220
138 510 572	1220
138 510 572	1220
546 2 674	1222
546 2 674	1222
546 2 674	1222
546 2 674	1222
546 2 674	1222
546 2 674	1222
524 200 499	1223
524 200 499	1223
164 761 299	1224
164 761 299	1224
164 761 299	1224
829 182 214	1225
828 254 144	1226
828 254 144	1226
626 222 379	1227
626 222 379	1227
626 222 379	1227
626 222 379	1227
12 331 885	1228
12 331 885	1228
288 297 644	1229
527 277 427	1231
527 277 427	1231
553 394 285	1232
553 394 285	1232
634 112 487	1233
634 112 487	1233
634 112 487	1233
707 280 247	1234
707 280 247	1234
707 280 247	1234
707 280 247	1234
707 280 247	1234
707 280 247	1234
778 29 428	1235
778 29 428	1235
315 302 619	1236
315 302 619	1236
315 302 619	1236
315 302 619	1236
315 302 619	1236
315 302 619	1236
315 302 619	1236
66 529 642	1237
66 529 642	1237
66 529 642	1237
295 472 471	1238
295 472 471	1238
295 472 471	1238
743 439 57	1239
164 785 291	1240
164 785 291	1240
164 785 291	1240
164 785 291	1240
164 785 291	1240
90 995 156	1241
90 995 156	1241
90 995 156	1241
90 995 156	1241
90 995 156	1241
367 61 814	1242
367 61 814	1242
287 555 401	1243
287 555 401	1243
545 194 506	1245
545 194 506	1245
545 194 506	1245
545 194 506	1245
576 470 200	1246
576 470 200	1246
576 470 200	1246
576 470 200	1246
576 470 200	1246
576 470 200	1246
576 470 200	1246
81 396 770	1247
728 372 148	1248
728 372 148	1248
255 213 781	1249
255 213 781	1249
255 213 781	1249
255 213 781	1249
255 213 781	1249
630 337 283	1250
630 337 283	1250
630 337 283	1250
630 337 283	1250
630 337 283	1250
81 759 411	1251
81 759 411	1251
81 759 411	1251
81 759 411	1251
633 596 23	1252
633 596 23	1252
633 596 23	1252
633 596 23	1252
633 596 23	1252
79 715 459	1253
106 186 962	1254
106 186 962	1254
724 274 257	1255
724 274 257	1255
907 333 16	1256
907 333 16	1256
575 59 623	1257
246 565 447	1258
246 565 447	1258
246 565 447	1258
246 565 447	1258
345 535 379	1259
345 535 379	1259
345 535 379	1259
854 113 293	1260
854 113 293	1260
854 113 293	1260
854 113 293	1260
32 447 782	1261
32 447 782	1261
32 447 782	1261
537 670 55	1262
537 670 55	1262
537 670 55	1262
68 827 368	1263
68 827 368	1263
68 827 368	1263
68 827 368	1263
394 614 256	1264
394 614 256	1264
394 614 256	1264
394 614 256	1264
718 522 25	1265
980 100 186	1266
32 457 778	1267
32 457 778	1267
32 457 778	1267
468 42 758	1268
468 42 758	1268
468 42 758	1268
468 42 758	1268
586 403 280	1269
586 403 280	1269
586 403 280	1269
586 403 280	1269
586 403 280	1269
586 403 280	1269
586 403 280	1269
586 403 280	1269
586 403 280	1269
825 344 101	1270
825 344 101	1270
828 8 435	1271
380 183 709	1272
380 183 709	1272
380 183 709	1272
380 183 709	1272
580 497 196	1273
580 497 196	1273
22 337 915	1274
22 337 915	1274
22 337 915	1274
184 277 814	1275
184 277 814	1275
184 277 814	1275
291 77 908	1276
291 77 908	1276
291 77 908	1276
291 77 908	1276
291 77 908	1276
964 36 277	1277
964 36 277	1277
964 36 277	1277
501 375 402	1278
501 375 402	1278
501 375 402	1278
870 387 23	1280
870 387 23	1280
406 809 66	1281
415 537 330	1282
415 537 330	1282
415 537 330	1282
713 529 41	1283
713 529 41	1283
713 529 41	1283
609 373 302	1284
609 373 302	1284
609 373 302	1284
609 373 302	1284
609 373 302	1284
266 617 402	1285
266 617 402	1285
30 520 736	1286
30 520 736	1286
30 520 736	1286
30 520 736	1286
974 227 86	1287
974 227 86	1287
974 227 86	1287
974 227 86	1287
974 227 86	1287
877 102 309	1288
877 102 309	1288
877 102 309	1288
608 352 329	1289
608 352 329	1289
608 352 329	1289
608 352 329	1289
792 278 220	1290
792 278 220	1290
990 171 130	1291
990 171 130	1291
990 171 130	1291
990 171 130	1291
530 82 680	1292
530 82 680	1292
585 71 637	1293
585 71 637	1293
585 71 637	1293
585 71 637	1293
585 71 637	1293
585 71 637	1293
400 72 822	1294
425 569 301	1295
425 569 301	1295
56 507 733	1296
368 84 845	1297
368 84 845	1297
368 84 845	1297
368 84 845	1297
368 84 845	1297
368 84 845	1297
104 518 676	1298
104 518 676	1298
104 518 676	1298
381 574 344	1299
381 574 344	1299
381 574 344	1299
381 574 344	1299
333 205 762	1300
333 205 762	1300
333 205 762	1300
704 215 382	1301
704 215 382	1301
323 445 534	1302
261 970 72	1303
261 970 72	1303
261 970 72	1303
595 415 294	1304
595 415 294	1304
595 415 294	1304
377 163 765	1305
4 882 420	1306
4 882 420	1306
4 882 420	1306
4 882 420	1306
4 882 420	1306
298 581 429	1308
336 558 415	1309
336 558 415	1309
336 558 415	1309
576 438 296	1310
576 438 296	1310
854 410 47	1311
854 410 47	1311
854 410 47	1311
854 410 47	1311
854 410 47	1311
272 987 53	1312
106 553 654	1313
106 553 654	1313
106 553 654	1313
106 553 654	1313
106 553 654	1313
344 500 470	1314
344 500 470	1314
344 500 470	1314
789 421 105	1315
789 421 105	1315
789 421 105	1315
868 175 273	1316
868 175 273	1316
601 409 307	1317
265 102 951	1318
446 17 857	1320
446 17 857	1320
446 17 857	1320
446 17 857	1320
446 17 857	1320
951 334 36	1321
951 334 36	1321
951 334 36	1321
769 382 171	1322
628 358 337	1323
628 358 337	1323
628 358 337	1323
681 589 54	1324
681 589 54	1324
681 589 54	1324
462 556 307	1325
387 62 877	1326
387 62 877	1326
387 62 877	1326
387 62 877	1326
13 782 532	1327
13 782 532	1327
13 782 532	1327
13 782 532	1327
168 920 240	1328
168 920 240	1328
467 746 116	1329
467 746 116	1329
467 746 116	1329
942 52 336	1330
942 52 336	1330
942 52 336	1330
942 52 336	1330
942 52 336	1330
942 52 336	1330
942 52 336	1330
189 677 466	1332
189 677 466	1332
189 677 466	1332
189 677 466	1332
189 677 466	1332
189 677 466	1332
189 677 466	1332
189 677 466	1332
189 677 466	1332
220 264 849	1333
489 374 471	1334
209 188 938	1335
209 188 938	1335
209 188 938	1335
209 188 938	1335
209 188 938	1335
64 297 975	1336
64 297 975	1336
64 297 975	1336
64 297 975	1336
64 297 975	1336
209 349 779	1337
375 605 358	1338
375 605 358	1338
375 605 358	1338
375 605 358	1338
375 605 358	1338
375 605 358	1338
361 343 635	1339
361 343 635	1339
361 343 635	1339
361 343 635	1339
905 240 195	1340
905 240 195	1340
613 411 317	1341
613 411 317	1341
355 7 980	1342
355 7 980	1342
355 7 980	1342
355 7 980	1342
355 7 980	1342
202 426 715	1343
202 426 715	1343
202 426 715	1343
679 625 40	1344
198 785 362	1345
198 785 362	1345
198 785 362	1345
486 817 43	1346
692 85 570	1347
692 85 570	1347
138 223 987	1348
138 223 987	1348
138 223 987	1348
138 223 987	1348
138 223 987	1348
505 34 810	1349
621 598 131	1350
621 598 131	1350
621 598 131	1350
621 598 131	1350
621 598 131	1350
621 598 131	1350
267 606 478	1351
267 606 478	1351
267 606 478	1351
267 606 478	1351
530 651 171	1352
530 651 171	1352
530 651 171	1352
530 651 171	1352
335 40 978	1353
335 40 978	1353
335 40 978	1353
335 40 978	1353
335 40 978	1353
335 40 978	1353
335 40 978	1353
531 699 124	1354
531 699 124	1354
256 576 523	1355
256 576 523	1355
256 576 523	1355
414 140 802	1356
414 140 802	1356
414 140 802	1356
414 140 802	1356
414 140 802	1356
414 140 802	1356
414 140 802	1356
654 329 374	1357
654 329 374	1357
105 535 718	1358
575 589 195	1359
659 331 370	1360
659 331 370	1360
496 642 223	1361
496 642 223	1361
496 642 223	1361
496 642 223	1361
496 642 223	1361
496 642 223	1361
496 642 223	1361
616 411 335	1362
616 411 335	1362
282 453 628	1363
282 453 628	1363
282 453 628	1363
282 453 628	1363
535 484 345	1364
684 134 547	1365
684 134 547	1365
438 770 158	1366
438 770 158	1366
438 770 158	1366
438 770 158	1366
438 770 158	1366
438 770 158	1366
563 249 555	1367
563 249 555	1367
773 547 48	1368
773 547 48	1368
636 312 422	1370
636 312 422	1370
390 502 479	1371
390 502 479	1371
577 53 742	1372
848 499 26	1373
848 499 26	1373
848 499 26	1373
618 309 447	1374
293 324 758	1375
293 324 758	1375
539 706 131	1376
539 706 131	1376
134 743 500	1377
134 743 500	1377
561 448 369	1378
561 448 369	1378
561 448 369	1378
561 448 369	1378
561 448 369	1378
561 448 369	1378
177 470 732	1379
177 470 732	1379
316 536 528	1380
316 536 528	1380
316 536 528	1380
226 774 381	1381
226 774 381	1381
226 774 381	1381
226 774 381	1381
559 577 246	1382
559 577 246	1382
54 683 646	1383
54 683 646	1383
54 683 646	1383
14 787 584	1385
14 787 584	1385
591 364 431	1386
591 364 431	1386
216 414 757	1387
216 414 757	1387
216 414 757	1387
671 233 484	1388
671 233 484	1388
671 233 484	1388
929 30 431	1390
929 30 431	1390
929 30 431	1390
799 513 79	1391
768 537 87	1392
768 537 87	1392
768 537 87	1392
612 613 168	1393
612 613 168	1393
107 436 851	1394
107 436 851	1394
107 436 851	1394
859 107 429	1395
389 592 415	1396
389 592 415	1396
641 270 486	1397
641 270 486	1397
641 270 486	1397
641 270 486	1397
121 792 485	1398
121 792 485	1398
121 792 485	1398
121 792 485	1398
121 792 485	1398
651 55 693	1399
651 55 693	1399
368 630 402	1400
368 630 402	1400
368 630 402	1400
368 630 402	1400
368 630 402	1400
351 319 731	1401
351 319 731	1401
466 931 5	1402
466 931 5	1402
663 42 698	1403
622 565 217	1404
622 565 217	1404
492 632 281	1405
492 632 281	1405
492 632 281	1405
492 632 281	1405
824 285 297	1406
824 285 297	1406
510 253 644	1407
510 253 644	1407
510 253 644	1407
510 253 644	1407
510 253 644	1407
355 278 775	1408
355 278 775	1408
355 278 775	1408
355 278 775	1408
37 818 554	1409
37 818 554	1409
995 117 298	1410
752 35 624	1411
752 35 624	1411
560 719 133	1412
560 719 133	1412
560 719 133	1412
560 719 133	1412
560 719 133	1412
485 199 729	1413
347 244 823	1414
347 244 823	1414
432 237 747	1416
432 237 747	1416
557 122 738	1417
557 122 738	1417
433 929 56	1418
433 929 56	1418
433 929 56	1418
725 630 64	1419
725 630 64	1419
725 630 64	1419
504 823 93	1420
507 738 176	1421
563 477 382	1422
563 477 382	1422
563 477 382	1422
563 477 382	1422
563 477 382	1422
563 477 382	1422
563 477 382	1422
563 477 382	1422
451 349 623	1423
451 349 623	1423
451 349 623	1423
451 349 623	1423
451 349 623	1423
451 349 623	1423
781 301 342	1424
781 301 342	1424
440 706 279	1425
440 706 279	1425
646 246 534	1426
646 246 534	1426
646 246 534	1426
646 246 534	1426
646 246 534	1426
152 450 826	1428
152 450 826	1428
152 450 826	1428
152 450 826	1428
669 498 262	1429
669 498 262	1429
669 498 262	1429
293 997 140	1430
419 19 993	1431
419 19 993	1431
419 19 993	1431
419 19 993	1431
419 19 993	1431
419 19 993	1431
901 75 456	1432
901 75 456	1432
901 75 456	1432
901 75 456	1432
901 75 456	1432
901 75 456	1432
901 75 456	1432
901 75 456	1432
836 427 170	1433
836 427 170	1433
836 427 170	1433
836 427 170	1433
312 318 804	1434
312 318 804	1434
548 338 549	1435
299 720 417	1436
299 720 417	1436
299 720 417	1436
299 720 417	1436
199 665 573	1437
691 615 132	1438
691 615 132	1438
691 615 132	1438
754 229 456	1439
754 229 456	1439
754 229 456	1439
398 269 773	1440
398 269 773	1440
398 269 773	1440
398 269 773	1440
398 269 773	1440
720 508 213	1441
396 164 882	1442
210 321 912	1443
210 321 912	1443
210 321 912	1443
210 321 912	1443
472 276 696	1444
472 276 696	1444
618 423 404	1445
618 423 404	1445
618 423 404	1445
618 423 404	1445
618 423 404	1445
612 777 57	1446
513 765 169	1447
513 765 169	1447
513 765 169	1447
513 765 169	1447
513 765 169	1447
513 765 169	1447
204 496 748	1448
204 496 748	1448
204 496 748	1448
204 496 748	1448
204 496 748	1448
204 496 748	1448
204 496 748	1448
204 496 748	1448
448 734 267	1449
448 734 267	1449
260 447 743	1450
260 447 743	1450
260 447 743	1450
260 447 743	1450
260 447 743	1450
363 791 297	1451
940 159 353	1452
940 159 353	1452
940 159 353	1452
847 484 123	1454
778 258 419	1455
820 21 615	1456
820 21 615	1456
820 21 615	1456
820 21 615	1456
820 21 615	1456
882 48 527	1457
882 48 527	1457
882 48 527	1457
882 48 527	1457
690 75 693	1458
65 790 604	1459
65 790 604	1459
65 790 604	1459
676 140 645	1461
676 140 645	1461
676 140 645	1461
676 140 645	1461
676 140 645	1461
987 326 149	1462
987 326 149	1462
167 556 740	1463
167 556 740	1463
167 556 740	1463
167 556 740	1463
795 623 46	1464
795 623 46	1464
795 623 46	1464
298 716 451	1465
298 716 451	1465
298 716 451	1465
477 51 938	1466
477 51 938	1466
325 507 635	1467
397 424 647	1468
397 424 647	1468
397 424 647	1468
397 424 647	1468
397 424 647	1468
397 424 647	1468
386 556 527	1469
386 556 527	1469
626 638 206	1470
626 638 206	1470
626 638 206	1470
332 930 209	1471
332 930 209	1471
596 523 353	1472
596 523 353	1472
148 578 747	1473
148 578 747	1473
262 742 470	1474
262 742 470	1474
262 742 470	1474
956 356 163	1475
956 356 163	1475
956 356 163	1475
665 254 557	1476
665 254 557	1476
665 254 557	1476
665 254 557	1476
454 342 681	1477
454 342 681	1477
454 342 681	1477
242 488 749	1479
242 488 749	1479
242 488 749	1479
264 682 534	1480
264 682 534	1480
264 682 534	1480
242 494 745	1481
242 494 745	1481
242 494 745	1481
242 494 745	1481
242 494 745	1481
242 494 745	1481
596 306 580	1482
596 306 580	1482
48 484 951	1483
48 484 951	1483
48 484 951	1483
27 929 528	1484
27 929 528	1484
27 929 528	1484
754 170 562	1486
496 86 905	1487
496 86 905	1487
496 86 905	1487
550 382 556	1488
550 382 556	1488
550 382 556	1488
732 382 375	1489
732 382 375	1489
732 382 375	1489
321 932 237	1490
321 932 237	1490
321 932 237	1490
321 932 237	1490
321 932 237	1490
710 702 79	1491
710 702 79	1491
710 702 79	1491
671 613 208	1492
671 613 208	1492
671 613 208	1492
459 839 195	1493
459 839 195	1493
459 839 195	1493
459 839 195	1493
253 957 284	1494
253 957 284	1494
253 957 284	1494
253 957 284	1494
253 957 284	1494
288 496 711	1495
288 496 711	1495
288 496 711	1495
288 496 711	1495
329 786 381	1496
800 141 556	1497
800 141 556	1497
972 257 269	1498
972 257 269	1498
972 257 269	1498
149 787 563	1499
149 787 563	1499
149 787 563	1499
149 787 563	1499
633 379 488	1500
633 379 488	1500
633 379 488	1500
633 379 488	1500
633 379 488	1500
633 379 488	1500
633 379 488	1500
633 379 488	1500
267 710 524	1501
267 710 524	1501
267 710 524	1501
267 710 524	1501
267 710 524	1501
459 210 833	1502
459 210 833	1502
459 210 833	1502
459 210 833	1502
459 210 833	1502
665 836 2	1503
665 836 2	1503
665 836 2	1503
665 836 2	1503
355 968 181	1504
355 968 181	1504
355 968 181	1504
463 51 991	1505
463 51 991	1505
463 51 991	1505
463 51 991	1505
463 51 991	1505
463 51 991	1505
353 875 278	1506
353 875 278	1506
807 485 215	1507
567 316 625	1508
567 316 625	1508
562 174 773	1509
562 174 773	1509
552 595 363	1510
552 595 363	1510
552 595 363	1510
552 595 363	1510
429 277 805	1511
429 277 805	1511
205 873 434	1512
205 873 434	1512
205 873 434	1512
702 577 234	1513
702 577 234	1513
702 577 234	1513
796 32 686	1514
402 256 857	1515
402 256 857	1515
402 256 857	1515
402 256 857	1515
402 256 857	1515
402 256 857	1515
862 408 246	1516
862 408 246	1516
862 408 246	1516
862 408 246	1516
862 408 246	1516
617 30 870	1517
617 30 870	1517
617 30 870	1517
617 30 870	1517
335 237 946	1518
335 237 946	1518
36 608 875	1519
36 608 875	1519
36 608 875	1519
112 510 898	1520
416 615 490	1521
416 615 490	1521
416 615 490	1521
416 615 490	1521
104 878 540	1522
471 535 517	1523
471 535 517	1523
471 535 517	1523
471 535 517	1523
471 535 517	1523
209 783 532	1524
209 783 532	1524
209 783 532	1524
209 783 532	1524
209 783 532	1524
738 686 101	1525
738 686 101	1525
738 686 101	1525
995 174 357	1526
802 375 350	1527
802 375 350	1527
802 375 350	1527
800 466 262	1528
681 453 395	1529
681 453 395	1529
681 453 395	1529
454 398 678	1530
454 398 678	1530
454 398 678	1530
454 398 678	1530
454 398 678	1530
119 578 834	1531
119 578 834	1531
119 578 834	1531
119 578 834	1531
119 578 834	1531
119 578 834	1531
177 709 646	1532
704 671 158	1533
704 671 158	1533
704 671 158	1533
704 671 158	1533
88 510 936	1534
88 510 936	1534
88 510 936	1534
493 864 178	1535
493 864 178	1535
493 864 178	1535
493 864 178	1535
622 586 328	1536
622 586 328	1536
622 586 328	1536
818 577 142	1537
818 577 142	1537
818 577 142	1537
515 761 262	1538
515 761 262	1538
515 761 262	1538
603 147 789	1539
851 503 186	1540
851 503 186	1540
851 503 186	1540
851 503 186	1540
665 7 869	1541
665 7 869	1541
536 70 937	1543
430 266 848	1544
430 266 848	1544
430 266 848	1544
430 266 848	1544
216 980 349	1545
216 980 349	1545
216 980 349	1545
216 980 349	1545
855 344 347	1546
366 356 825	1547
253 439 856	1548
253 439 856	1548
253 439 856	1548
253 439 856	1548
432 938 179	1549
432 938 179	1549
432 938 179	1549
675 417 458	1550
675 417 458	1550
675 417 458	1550
378 748 425	1551
379 876 297	1552
379 876 297	1552
379 876 297	1552
379 876 297	1552
282 840 431	1553
282 840 431	1553
75 811 668	1554
75 811 668	1554
619 912 24	1555
22 699 835	1556
22 699 835	1556
957 458 142	1557
957 458 142	1557
957 458 142	1557
842 451 265	1558
842 451 265	1558
842 451 265	1558
842 451 265	1558
119 758 682	1559
119 758 682	1559
119 758 682	1559
119 758 682	1559
223 438 899	1560
223 438 899	1560
160 785 616	1561
160 785 616	1561
160 785 616	1561
160 785 616	1561
512 658 392	1562
512 658 392	1562
512 658 392	1562
512 658 392	1562
512 658 392	1562
512 658 392	1562
512 658 392	1562
424 830 309	1563
424 830 309	1563
929 325 310	1564
929 325 310	1564
929 325 310	1564
925 94 546	1565
925 94 546	1565
925 94 546	1565
925 94 546	1565
463 573 530	1566
463 573 530	1566
792 639 136	1567
792 639 136	1567
792 639 136	1567
792 639 136	1567
792 639 136	1567
792 639 136	1567
920 169 479	1568
920 169 479	1568
920 169 479	1568
920 169 479	1568
920 169 479	1568
150 925 494	1569
764 157 649	1570
764 157 649	1570
764 157 649	1570
386 481 704	1571
386 481 704	1571
683 719 170	1572
683 719 170	1572
978 197 398	1573
978 197 398	1573
911 258 405	1574
911 258 405	1574
911 258 405	1574
42 715 818	1575
42 715 818	1575
42 715 818	1575
42 715 818	1575
506 572 498	1576
506 572 498	1576
506 572 498	1576
506 572 498	1576
506 572 498	1576
422 231 924	1577
422 231 924	1577
422 231 924	1577
422 231 924	1577
422 231 924	1577
616 528 434	1578
616 528 434	1578
380 396 803	1579
380 396 803	1579
380 396 803	1579
380 396 803	1579
825 99 656	1580
825 99 656	1580
825 99 656	1580
825 99 656	1580
822 603 156	1581
822 603 156	1581
822 603 156	1581
772 527 283	1582
772 527 283	1582
772 527 283	1582
772 527 283	1582
991 343 249	1583
991 343 249	1583
991 343 249	1583
249 556 779	1584
249 556 779	1584
997 450 138	1585
997 450 138	1585
997 450 138	1585
997 450 138	1585
997 450 138	1585
362 618 606	1586
818 10 759	1587
387 404 797	1588
772 406 411	1589
772 406 411	1589
772 406 411	1589
772 406 411	1589
670 882 38	1590
670 882 38	1590
670 882 38	1590
651 898 42	1591
651 898 42	1591
651 898 42	1591
651 898 42	1591
651 898 42	1591
651 898 42	1591
651 898 42	1591
618 522 452	1592
618 522 452	1592
618 522 452	1592
618 522 452	1592
543 373 677	1593
543 373 677	1593
543 373 677	1593
886 598 110	1594
886 598 110	1594
886 598 110	1594
886 598 110	1594
989 32 574	1595
989 32 574	1595
989 32 574	1595
311 703 582	1596
311 703 582	1596
311 703 582	1596
311 703 582	1596
437 697 463	1597
437 697 463	1597
437 697 463	1597
437 697 463	1597
437 697 463	1597
565 76 957	1598
565 76 957	1598
513 970 116	1599
513 970 116	1599
513 970 116	1599
513 970 116	1599
209 573 818	1600
209 573 818	1600
209 573 818	1600
731 603 267	1601
731 603 267	1601
774 171 657	1602
774 171 657	1602
774 171 657	1602
774 171 657	1602
173 711 719	1603
173 711 719	1603
173 711 719	1603
173 711 719	1603
310 678 616	1604
310 678 616	1604
725 766 114	1605
575 757 274	1606
575 757 274	1606
575 757 274	1606
735 84 788	1607
735 84 788	1607
735 84 788	1607
735 84 788	1607
622 985 1	1608
622 985 1	1608
622 985 1	1608
828 23 758	1609
809 8 793	1610
809 8 793	1610
809 8 793	1610
809 8 793	1610
809 8 793	1610
809 8 793	1610
809 8 793	1610
809 8 793	1610
809 8 793	1610
286 955 370	1611
286 955 370	1611
710 469 433	1612
434 603 576	1613
434 603 576	1613
944 186 484	1614
944 186 484	1614
944 186 484	1614
944 186 484	1614
368 621 626	1615
452 583 581	1616
682 175 760	1617
682 175 760	1617
682 175 760	1617
682 175 760	1617
803 160 656	1619
803 160 656	1619
803 160 656	1619
640 806 174	1620
640 806 174	1620
640 806 174	1620
725 294 602	1621
725 294 602	1621
316 568 738	1622
316 568 738	1622
51 726 846	1623
51 726 846	1623
157 738 729	1624
157 738 729	1624
157 738 729	1624
268 891 466	1625
268 891 466	1625
268 891 466	1625
556 984 86	1626
556 984 86	1626
556 984 86	1626
556 984 86	1626
556 984 86	1626
586 389 652	1627
586 389 652	1627
586 389 652	1627
174 579 875	1628
174 579 875	1628
174 579 875	1628
174 579 875	1628
718 710 201	1629
718 710 201	1629
955 32 643	1630
955 32 643	1630
690 478 463	1631
690 478 463	1631
690 478 463	1631
887 339 406	1632
887 339 406	1632
887 339 406	1632
887 339 406	1632
887 339 406	1632
887 339 406	1632
792 523 318	1633
851 34 749	1634
723 817 95	1635
723 817 95	1635
723 817 95	1635
522 448 666	1636
522 448 666	1636
522 448 666	1636
522 448 666	1636
624 118 895	1637
570 140 928	1638
570 140 928	1638
570 140 928	1638
821 714 104	1639
821 714 104	1639
499 808 333	1640
649 335 657	1641
599 372 671	1642
599 372 671	1642
599 372 671	1642
533 348 762	1643
533 348 762	1643
533 348 762	1643
533 348 762	1643
533 348 762	1643
533 348 762	1643
533 348 762	1643
533 348 762	1643
481 592 571	1644
481 592 571	1644
481 592 571	1644
481 592 571	1644
481 592 571	1644
654 685 306	1645
654 685 306	1645
654 685 306	1645
402 684 560	1646
402 684 560	1646
402 684 560	1646
117 564 966	1647
117 564 966	1647
678 852 118	1648
678 852 118	1648
678 852 118	1648
678 852 118	1648
931 113 605	1649
931 113 605	1649
178 697 775	1650
178 697 775	1650
178 697 775	1650
178 697 775	1650
178 697 775	1650
573 152 926	1651
573 152 926	1651
573 152 926	1651
844 184 625	1653
844 184 625	1653
342 805 507	1654
342 805 507	1654
342 805 507	1654
497 173 985	1655
497 173 985	1655
497 173 985	1655
853 575 228	1656
853 575 228	1656
63 681 913	1657
63 681 913	1657
63 681 913	1657
63 681 913	1657
63 681 913	1657
460 207 991	1658
460 207 991	1658
460 207 991	1658
460 207 991	1658
460 207 991	1658
799 206 654	1659
799 206 654	1659
732 654 274	1660
732 654 274	1660
732 654 274	1660
934 28 699	1661
934 28 699	1661
934 28 699	1661
934 28 699	1661
515 337 810	1662
515 337 810	1662
515 337 810	1662
644 351 668	1663
644 351 668	1663
644 351 668	1663
651 184 829	1664
651 184 829	1664
618 570 477	1665
618 570 477	1665
618 570 477	1665
618 570 477	1665
612 776 278	1666
612 776 278	1666
612 776 278	1666
116 926 625	1667
259 839 570	1668
259 839 570	1668
259 839 570	1668
608 875 186	1669
167 650 853	1670
167 650 853	1670
167 650 853	1670
167 650 853	1670
167 650 853	1670
218 607 846	1671
218 607 846	1671
835 579 258	1672
835 579 258	1672
835 579 258	1672
393 331 949	1673
642 702 330	1674
642 702 330	1674
768 108 799	1675
768 108 799	1675
768 108 799	1675
768 108 799	1675
993 64 619	1676
993 64 619	1676
993 64 619	1676
993 64 619	1676
712 880 85	1677
712 880 85	1677
712 880 85	1677
751 655 272	1678
760 611 308	1679
760 611 308	1679
701 341 638	1680
701 341 638	1680
701 341 638	1680
708 534 439	1681
708 534 439	1681
708 534 439	1681
406 842 434	1682
342 512 829	1683
342 512 829	1683
342 512 829	1683
342 512 829	1683
342 512 829	1683
342 512 829	1683
342 512 829	1683
533 738 413	1684
533 738 413	1684
533 738 413	1684
533 738 413	1684
533 738 413	1684
533 738 413	1684
565 607 513	1685
565 607 513	1685
565 607 513	1685
565 607 513	1685
686 961 39	1686
3 731 953	1687
514 279 895	1688
514 279 895	1688
926 57 706	1689
236 835 619	1690
236 835 619	1690
236 835 619	1690
647 957 87	1691
647 957 87	1691
647 957 87	1691
647 957 87	1691
647 957 87	1691
535 187 970	1692
535 187 970	1692
535 187 970	1692
535 187 970	1692
535 187 970	1692
285 994 414	1693
285 994 414	1693
46 681 967	1694
46 681 967	1694
585 408 702	1695
585 408 702	1695
905 443 348	1696
905 443 348	1696
905 443 348	1696
107 738 852	1697
107 738 852	1697
942 530 226	1698
942 530 226	1698
703 260 736	1699
764 412 524	1700
712 527 462	1701
712 527 462	1701
712 527 462	1701
356 540 806	1702
356 540 806	1702
356 540 806	1702
356 540 806	1702
414 676 613	1703
414 676 613	1703
414 676 613	1703
414 676 613	1703
414 676 613	1703
504 299 901	1704
504 299 901	1704
504 299 901	1704
209 652 844	1705
209 652 844	1705
485 936 285	1706
485 936 285	1706
485 936 285	1706
485 936 285	1706
485 936 285	1706
811 836 60	1707
811 836 60	1707
936 84 688	1708
936 84 688	1708
936 84 688	1708
936 84 688	1708
852 108 749	1709
852 108 749	1709
852 108 749	1709
852 108 749	1709
216 683 811	1710
418 303 990	1711
592 569 551	1712
592 569 551	1712
592 569 551	1712
464 480 769	1713
464 480 769	1713
498 492 725	1715
699 287 730	1716
699 287 730	1716
964 687 66	1717
964 687 66	1717
964 687 66	1717
964 687 66	1717
964 687 66	1717
409 823 486	1718
409 823 486	1718
116 802 801	1719
116 802 801	1719
568 629 523	1720
568 629 523	1720
56 963 702	1721
519 792 411	1722
519 792 411	1722
519 792 411	1722
519 792 411	1722
625 414 684	1723
625 414 684	1723
385 655 684	1724
385 655 684	1724
967 234 524	1725
967 234 524	1725
967 234 524	1725
967 234 524	1725
967 234 524	1725
967 234 524	1725
14 729 983	1726
14 729 983	1726
581 213 933	1727
581 213 933	1727
842 612 274	1728
842 612 274	1728
842 612 274	1728
842 612 274	1728
422 630 677	1729
422 630 677	1729
422 630 677	1729
881 668 181	1730
881 668 181	1730
881 668 181	1730
881 668 181	1730
881 668 181	1730
882 628 221	1731
882 628 221	1731
882 628 221	1731
882 628 221	1731
882 628 221	1731
554 545 633	1732
554 545 633	1732
554 545 633	1732
103 944 686	1733
103 944 686	1733
103 944 686	1733
103 944 686	1733
959 513 262	1734
959 513 262	1734
959 513 262	1734
427 873 435	1735
427 873 435	1735
427 873 435	1735
427 873 435	1735
275 873 588	1736
275 873 588	1736
275 873 588	1736
275 873 588	1736
275 873 588	1736
275 873 588	1736
915 729 93	1737
915 729 93	1737
915 729 93	1737
915 729 93	1737
915 729 93	1737
272 537 930	1739
423 519 798	1740
239 755 747	1741
545 895 302	1742
545 895 302	1742
545 895 302	1742
545 895 302	1742
545 895 302	1742
545 895 302	1742
545 895 302	1742
635 787 321	1743
561 522 661	1744
561 522 661	1744
561 522 661	1744
561 522 661	1744
561 522 661	1744
612 265 868	1745
949 739 58	1746
949 739 58	1746
949 739 58	1746
757 416 574	1747
757 416 574	1747
757 416 574	1747
957 566 225	1748
957 566 225	1748
739 240 770	1749
739 240 770	1749
739 240 770	1749
58 714 979	1751
58 714 979	1751
58 714 979	1751
911 112 729	1752
934 149 670	1753
934 149 670	1753
260 955 539	1754
260 955 539	1754
260 955 539	1754
260 955 539	1754
260 955 539	1754
260 955 539	1754
580 391 784	1755
580 391 784	1755
580 391 784	1755
311 851 594	1756
384 559 814	1757
384 559 814	1757
814 769 175	1758
207 623 930	1760
207 623 930	1760
207 623 930	1760
207 623 930	1760
207 623 930	1760
207 623 930	1760
292 969 500	1761
292 969 500	1761
631 259 872	1762
221 805 737	1763
221 805 737	1763
221 805 737	1763
221 805 737	1763
221 805 737	1763
221 805 737	1763
694 276 794	1764
694 276 794	1764
694 276 794	1764
124 992 649	1765
124 992 649	1765
124 992 649	1765
124 992 649	1765
124 992 649	1765
124 992 649	1765
15 861 890	1766
15 861 890	1766
15 861 890	1766
15 861 890	1766
15 861 890	1766
15 861 890	1766
15 861 890	1766
15 861 890	1766
501 667 599	1767
501 667 599	1767
633 214 921	1768
633 214 921	1768
633 214 921	1768
762 637 370	1769
762 637 370	1769
762 637 370	1769
762 637 370	1769
865 613 292	1770
865 613 292	1770
865 613 292	1770
865 613 292	1770
400 473 898	1771
400 473 898	1771
400 473 898	1771
400 473 898	1771
548 671 553	1772
750 528 495	1773
750 528 495	1773
14 836 924	1774
806 855 114	1775
806 855 114	1775
806 855 114	1775
806 855 114	1775
563 472 741	1776
563 472 741	1776
290 877 610	1777
290 877 610	1777
290 877 610	1777
290 877 610	1777
899 27 852	1778
899 27 852	1778
899 27 852	1778
987 401 391	1779
987 401 391	1779
987 401 391	1779
987 401 391	1779
987 401 391	1779
987 401 391	1779
933 21 827	1781
933 21 827	1781
524 983 275	1782
524 983 275	1782
524 983 275	1782
524 983 275	1782
524 983 275	1782
87 953 743	1783
400 942 442	1784
400 942 442	1784
400 942 442	1784
95 769 921	1785
95 769 921	1785
95 769 921	1785
16 879 891	1786
16 879 891	1786
279 757 751	1787
279 757 751	1787
279 757 751	1787
279 757 751	1787
279 757 751	1787
488 560 740	1788
488 560 740	1788
496 531 762	1789
496 531 762	1789
496 531 762	1789
496 531 762	1789
215 765 810	1790
215 765 810	1790
236 809 746	1791
803 737 252	1792
803 737 252	1792
998 399 396	1793
998 399 396	1793
917 594 283	1794
917 594 283	1794
917 594 283	1794
917 594 283	1794
832 852 111	1795
568 728 500	1796
529 285 983	1797
529 285 983	1797
529 285 983	1797
529 285 983	1797
529 285 983	1797
599 966 233	1798
599 966 233	1798
599 966 233	1798
620 799 380	1799
620 799 380	1799
700 520 580	1800
696 481 624	1801
696 481 624	1801
696 481 624	1801
674 912 216	1802
674 912 216	1802
674 912 216	1802
571 955 277	1803
571 955 277	1803
571 955 277	1803
369 930 505	1804
855 127 823	1805
855 127 823	1805
855 127 823	1805
962 323 523	1808
962 323 523	1808
962 323 523	1808
962 323 523	1808
664 683 463	1810
974 53 784	1811
920 101 791	1812
920 101 791	1812
920 101 791	1812
920 101 791	1812
810 721 282	1813
810 721 282	1813
810 721 282	1813
672 785 357	1814
672 785 357	1814
672 785 357	1814
865 927 23	1815
865 927 23	1815
513 378 925	1816
513 378 925	1816
269 863 685	1817
269 863 685	1817
269 863 685	1817
981 715 122	1818
981 715 122	1818
981 715 122	1818
981 715 122	1818
981 715 122	1818
200 799 820	1819
200 799 820	1819
476 583 761	1820
476 583 761	1820
476 583 761	1820
476 583 761	1820
476 583 761	1820
389 567 865	1821
389 567 865	1821
389 567 865	1821
543 456 824	1823
543 456 824	1823
543 456 824	1823
543 456 824	1823
905 622 297	1824
905 622 297	1824
905 622 297	1824
905 622 297	1824
309 595 921	1825
976 507 344	1827
976 507 344	1827
976 507 344	1827
976 507 344	1827
574 685 569	1828
574 685 569	1828
938 55 836	1829
938 55 836	1829
938 55 836	1829
938 55 836	1829
725 788 317	1830
542 454 835	1831
542 454 835	1831
542 454 835	1831
215 723 894	1832
215 723 894	1832
215 723 894	1832
912 720 201	1833
912 720 201	1833
912 720 201	1833
673 332 829	1834
673 332 829	1834
673 332 829	1834
880 45 910	1835
880 45 910	1835
880 45 910	1835
735 445 657	1837
675 228 935	1838
675 228 935	1838
299 554 986	1839
299 554 986	1839
299 554 986	1839
853 72 915	1840
853 72 915	1840
853 72 915	1840
853 72 915	1840
853 72 915	1840
853 72 915	1840
127 853 861	1841
127 853 861	1841
127 853 861	1841
127 853 861	1841
985 442 416	1843
985 442 416	1843
985 442 416	1843
985 442 416	1843
850 992 2	1844
850 992 2	1844
850 992 2	1844
912 845 88	1845
912 845 88	1845
958 832 57	1847
958 832 57	1847
617 829 403	1849
527 928 395	1850
527 928 395	1850
531 796 524	1851
531 796 524	1851
531 796 524	1851
531 796 524	1851
513 515 824	1852
513 515 824	1852
513 515 824	1852
513 515 824	1852
855 190 808	1853
500 471 883	1854
500 471 883	1854
500 471 883	1854
500 471 883	1854
813 289 753	1855
813 289 753	1855
813 289 753	1855
813 289 753	1855
743 532 581	1856
743 532 581	1856
465 948 444	1857
583 437 838	1858
932 182 745	1859
932 182 745	1859
932 182 745	1859
966 34 860	1860
966 34 860	1860
966 34 860	1860
932 796 133	1861
932 796 133	1861
828 159 875	1862
828 159 875	1862
828 159 875	1862
828 159 875	1862
828 159 875	1862
763 583 517	1863
763 583 517	1863
763 583 517	1863
763 583 517	1863
763 583 517	1863
763 583 517	1863
598 713 553	1864
598 713 553	1864
704 879 282	1865
704 879 282	1865
704 879 282	1865
704 879 282	1865
398 560 908	1866
917 245 705	1867
917 245 705	1867
124 939 805	1868
124 939 805	1868
665 346 858	1869
665 346 858	1869
68 907 895	1870
68 907 895	1870
68 907 895	1870
68 907 895	1870
68 907 895	1870
68 907 895	1870
84 942 845	1871
84 942 845	1871
84 942 845	1871
84 942 845	1871
573 808 491	1872
573 808 491	1872
573 808 491	1872
161 730 982	1873
161 730 982	1873
161 730 982	1873
161 730 982	1873
397 849 628	1874
397 849 628	1874
397 849 628	1874
685 230 960	1875
353 605 918	1876
353 605 918	1876
353 605 918	1876
850 794 233	1877
654 300 924	1878
654 300 924	1878
789 292 798	1879
789 292 798	1879
789 292 798	1879
789 292 798	1879
792 610 478	1880
792 610 478	1880
792 610 478	1880
829 142 910	1881
829 142 910	1881
891 542 449	1882
891 542 449	1882
891 542 449	1882
649 523 711	1883
659 762 463	1884
659 762 463	1884
659 762 463	1884
575 361 949	1885
562 907 417	1886
562 907 417	1886
562 907 417	1886
562 907 417	1886
872 909 106	1887
549 422 917	1888
494 887 508	1889
494 887 508	1889
494 887 508	1889
553 943 394	1890
553 943 394	1890
759 622 510	1891
759 622 510	1891
759 622 510	1891
759 622 510	1891
346 991 555	1892
269 915 709	1893
269 915 709	1893
269 915 709	1893
269 915 709	1893
379 741 774	1894
379 741 774	1894
23 950 922	1895
23 950 922	1895
23 950 922	1895
23 950 922	1895
964 455 477	1896
756 362 779	1897
756 362 779	1897
454 732 712	1898
454 732 712	1898
454 732 712	1898
745 534 620	1899
745 534 620	1899
701 786 413	1900
701 786 413	1900
983 160 758	1901
983 160 758	1901
983 160 758	1901
983 160 758	1901
983 160 758	1901
983 160 758	1901
983 160 758	1901
983 160 758	1901
335 920 647	1902
335 920 647	1902
335 920 647	1902
859 984 60	1903
859 984 60	1903
859 984 60	1903
805 629 470	1904
805 629 470	1904
635 784 486	1905
635 784 486	1905
647 606 653	1906
647 606 653	1906
647 606 653	1906
585 863 459	1907
585 863 459	1907
585 863 459	1907
585 863 459	1907
585 863 459	1907
828 761 319	1908
828 761 319	1908
713 443 753	1909
713 443 753	1909
713 443 753	1909
713 443 753	1909
437 862 611	1910
437 862 611	1910
437 862 611	1910
507 842 563	1912
960 919 34	1913
960 919 34	1913
960 919 34	1913
960 919 34	1913
828 896 191	1915
828 896 191	1915
828 896 191	1915
828 896 191	1915
828 896 191	1915
828 896 191	1915
651 642 623	1916
257 895 765	1917
257 895 765	1917
257 895 765	1917
222 768 928	1918
222 768 928	1918
916 744 259	1919
916 744 259	1919
916 744 259	1919
916 744 259	1919
916 744 259	1919
907 784 229	1920
907 784 229	1920
462 593 866	1921
462 593 866	1921
462 593 866	1921
462 593 866	1921
462 593 866	1921
904 172 847	1923
904 172 847	1923
248 981 695	1924
485 511 929	1925
485 511 929	1925
485 511 929	1925
485 511 929	1925
485 511 929	1925
485 511 929	1925
485 511 929	1925
867 324 735	1926
458 806 663	1927
274 951 703	1928
274 951 703	1928
274 951 703	1928
855 809 265	1929
855 809 265	1929
613 546 771	1930
382 569 980	1931
382 569 980	1931
382 569 980	1931
382 569 980	1931
382 569 980	1931
457 673 802	1932
457 673 802	1932
457 673 802	1932
834 873 227	1934
913 743 279	1935
913 743 279	1935
913 743 279	1935
913 743 279	1935
913 743 279	1935
681 998 257	1936
681 998 257	1936
121 982 834	1937
435 599 904	1938
435 599 904	1938
509 714 716	1939
509 714 716	1939
509 714 716	1939
904 855 181	1940
904 855 181	1940
904 855 181	1940
359 908 674	1941
396 831 715	1942
396 831 715	1942
977 481 485	1943
977 481 485	1943
977 481 485	1943
977 481 485	1943
977 481 485	1943
343 971 630	1944
893 627 425	1945
674 626 648	1948
674 626 648	1948
475 840 634	1949
566 477 907	1950
566 477 907	1950
566 477 907	1950
510 784 657	1951
513 811 628	1952
706 353 894	1953
706 353 894	1953
210 836 908	1954
210 836 908	1954
996 332 627	1955
996 332 627	1955
996 332 627	1955
986 287 683	1956
986 287 683	1956
986 287 683	1956
986 287 683	1956
986 287 683	1956
505 464 988	1957
505 464 988	1957
505 464 988	1957
505 464 988	1957
629 691 638	1958
629 691 638	1958
629 691 638	1958
629 691 638	1958
629 691 638	1958
904 403 652	1959
963 984 13	1960
743 991 227	1961
234 795 933	1962
634 872 457	1963
634 872 457	1963
634 872 457	1963
587 428 949	1964
25 984 956	1965
193 888 885	1966
193 888 885	1966
947 564 457	1968
947 564 457	1968
947 564 457	1968
250 745 974	1969
250 745 974	1969
250 745 974	1969
250 745 974	1969
806 578 587	1971
806 578 587	1971
897 460 615	1972
897 460 615	1972
897 460 615	1972
603 715 656	1974
603 715 656	1974
603 715 656	1974
445 913 617	1975
445 913 617	1975
445 913 617	1975
445 913 617	1975
445 913 617	1975
377 751 848	1976
901 232 844	1977
901 232 844	1977
894 878 206	1978
894 878 206	1978
894 878 206	1978
251 782 946	1979
431 809 740	1980
629 880 472	1981
629 880 472	1981
973 458 551	1982
868 499 616	1983
868 499 616	1983
853 946 185	1984
853 946 185	1984
859 940 186	1985
859 940 186	1985
886 656 444	1986
886 656 444	1986
886 656 444	1986
442 881 664	1987
442 881 664	1987
620 627 741	1988
620 627 741	1988
620 627 741	1988
894 158 937	1989
894 158 937	1989
938 918 135	1991
938 918 135	1991
938 918 135	1991
938 918 135	1991
715 577 702	1994
715 577 702	1994
715 577 702	1994
715 577 702	1994
781 405 809	1995
781 405 809	1995
781 405 809	1995
904 863 229	1996
904 863 229	1996
904 863 229	1996
997 371 629	1997
997 371 629	1997
997 371 629	1997
997 371 629	1997
929 480 589	1998
929 480 589	1998
842 728 429	1999
842 728 429	1999
463 655 882	2000
463 655 882	2000
463 655 882	2000
463 655 882	2000
463 655 882	2000
463 655 882	2000
744 262 995	2001
534 592 876	2002
534 592 876	2002
979 456 568	2003
979 456 568	2003
979 456 568	2003
792 785 428	2005
144 907 955	2006
144 907 955	2006
144 907 955	2006
829 832 346	2007
829 832 346	2007
829 832 346	2007
829 832 346	2007
829 832 346	2007
829 832 346	2007
323 943 742	2008
323 943 742	2008
323 943 742	2008
879 247 883	2009
394 642 974	2010
394 642 974	2010
394 642 974	2010
394 642 974	2010
796 860 356	2012
761 997 255	2013
761 997 255	2013
761 997 255	2013
341 681 992	2014
341 681 992	2014
341 681 992	2014
273 882 860	2015
952 343 721	2016
952 343 721	2016
141 982 894	2017
141 982 894	2017
568 607 843	2018
886 564 569	2019
886 564 569	2019
254 928 838	2020
219 936 866	2021
951 323 748	2022
951 323 748	2022
301 765 958	2024
301 765 958	2024
652 507 867	2026
324 800 903	2027
324 800 903	2027
324 800 903	2027
766 270 992	2028
766 270 992	2028
766 270 992	2028
766 270 992	2028
516 633 880	2029
516 633 880	2029
638 804 588	2030
763 345 923	2031
763 345 923	2031
763 345 923	2031
763 345 923	2031
763 345 923	2031
830 325 877	2032
818 774 441	2033
818 774 441	2033
939 179 916	2034
455 991 589	2035
306 825 906	2037
573 937 528	2038
988 923 130	2041
686 800 559	2045
686 800 559	2045
686 800 559	2045
686 800 559	2045
686 800 559	2045
686 800 559	2045
953 717 376	2046
953 717 376	2046
953 717 376	2046
953 717 376	2046
781 659 607	2047
927 640 481	2048
927 640 481	2048
927 640 481	2048
927 640 481	2048
738 658 653	2049
738 658 653	2049
738 658 653	2049
890 864 296	2050
890 864 296	2050
502 759 790	2051
955 894 203	2052
955 894 203	2052
955 894 203	2052
955 894 203	2052
665 755 633	2053
863 987 204	2054
757 667 631	2055
952 742 362	2056
952 742 362	2056
952 742 362	2056
475 986 596	2057
643 773 642	2058
643 773 642	2058
845 332 882	2059
636 921 503	2060
844 607 610	2061
844 607 610	2061
605 747 710	2062
948 363 752	2063
948 363 752	2063
948 363 752	2063
938 619 507	2064
935 893 237	2065
864 423 779	2066
864 423 779	2066
864 423 779	2066
907 649 511	2067
907 649 511	2067
751 533 784	2068
751 533 784	2068
974 365 730	2069
974 365 730	2069
499 637 934	2070
736 647 688	2071
736 647 688	2071
736 647 688	2071
877 946 249	2072
877 946 249	2072
877 946 249	2072
298 847 929	2074
298 847 929	2074
589 823 663	2075
589 823 663	2075
589 823 663	2075
589 823 663	2075
589 823 663	2075
582 545 949	2076
613 993 471	2077
828 520 730	2078
828 520 730	2078
828 520 730	2078
828 520 730	2078
828 520 730	2078
802 486 791	2079
642 498 940	2080
642 498 940	2080
980 747 354	2081
261 922 900	2083
969 167 948	2084
969 167 948	2084
847 750 488	2085
615 579 894	2088
615 579 894	2088
615 579 894	2088
636 674 779	2089
520 658 912	2090
520 658 912	2090
520 658 912	2090
520 658 912	2090
277 898 918	2093
277 898 918	2093
277 898 918	2093
244 853 997	2094
492 617 987	2096
928 274 898	2100
928 274 898	2100
928 274 898	2100
695 755 651	2101
695 755 651	2101
714 856 532	2102
939 449 715	2103
939 449 715	2103
742 949 413	2104
553 841 711	2105
553 841 711	2105
553 841 711	2105
553 841 711	2105
716 398 992	2106
716 398 992	2106
446 900 761	2107
446 900 761	2107
690 541 877	2108
690 541 877	2108
690 541 877	2108
854 549 706	2109
855 411 844	2110
511 990 610	2111
511 990 610	2111
511 990 610	2111
919 686 507	2112
793 632 689	2114
602 609 904	2115
602 609 904	2115
602 609 904	2115
606 921 589	2116
606 921 589	2116
991 156 970	2117
991 156 970	2117
991 156 970	2117
991 156 970	2117
991 156 970	2117
954 279 885	2118
481 803 835	2119
885 549 686	2120
598 955 568	2121
769 610 743	2122
769 610 743	2122
513 854 756	2123
513 854 756	2123
633 686 805	2124
599 845 681	2125
599 845 681	2125
599 845 681	2125
979 550 597	2126
979 550 597	2126
979 550 597	2126
562 876 691	2129
562 876 691	2129
849 306 975	2130
849 306 975	2130
849 306 975	2130
849 306 975	2130
253 917 963	2133
253 917 963	2133
253 917 963	2133
598 701 835	2134
598 701 835	2134
598 701 835	2134
274 934 927	2135
412 948 776	2136
412 948 776	2136
354 957 826	2137
490 664 985	2139
490 664 985	2139
490 664 985	2139
911 745 484	2140
826 643 672	2141
765 692 685	2142
765 692 685	2142
765 692 685	2142
583 808 752	2143
240 908 996	2144
240 908 996	2144
240 908 996	2144
846 950 349	2145
846 950 349	2145
846 950 349	2145
846 950 349	2145
846 950 349	2145
684 665 797	2146
595 926 626	2147
658 878 612	2148
669 931 549	2149
909 300 941	2150
795 379 977	2151
795 379 977	2151
795 379 977	2151
945 366 841	2152
906 601 647	2154
906 601 647	2154
737 459 961	2157
737 459 961	2157
887 565 706	2158
887 565 706	2158
887 565 706	2158
727 549 883	2159
858 899 403	2160
963 245 953	2161
978 564 620	2162
614 930 619	2163
782 578 804	2164
782 578 804	2164
782 578 804	2164
782 578 804	2164
488 892 785	2165
488 892 785	2165
488 892 785	2165
682 965 521	2168
682 965 521	2168
682 965 521	2168
951 837 381	2169
951 837 381	2169
979 443 748	2170
979 443 748	2170
979 443 748	2170
703 697 774	2174
703 697 774	2174
663 896 616	2175
663 896 616	2175
804 917 455	2176
738 626 813	2177
293 974 911	2178
293 974 911	2178
293 974 911	2178
546 868 765	2179
546 868 765	2179
546 868 765	2179
548 951 682	2181
981 948 253	2182
981 948 253	2182
991 775 417	2183
689 844 653	2186
689 844 653	2186
777 698 713	2188
777 698 713	2188
924 368 897	2189
618 824 748	2190
579 993 620	2192
296 984 913	2193
898 854 444	2196
800 903 495	2198
800 903 495	2198
546 952 701	2199
546 952 701	2199
940 302 958	2200
940 302 958	2200
733 621 847	2201
727 549 926	2202
676 822 705	2203
676 822 705	2203
872 404 928	2204
776 644 785	2205
776 644 785	2205
908 586 712	2206
834 384 989	2207
948 980 280	2208
948 980 280	2208
858 515 838	2211
858 515 838	2211
756 636 821	2213
743 738 733	2214
842 396 980	2218
842 396 980	2218
842 396 980	2218
629 812 778	2219
531 818 871	2220
883 521 817	2221
883 521 817	2221
883 521 817	2221
977 313 932	2222
762 465 997	2224
757 675 793	2225
757 675 793	2225
643 900 683	2226
545 828 854	2227
545 828 854	2227
922 866 440	2228
891 930 408	2229
891 930 408	2229
891 930 408	2229
850 728 652	2230
647 977 607	2231
647 977 607	2231
810 566 857	2233
810 566 857	2233
810 566 857	2233
810 566 857	2233
759 995 481	2235
759 995 481	2235
759 995 481	2235
817 619 801	2237
526 720 993	2239
526 720 993	2239
604 933 703	2240
513 869 859	2241
474 977 792	2243
474 977 792	2243
776 550 918	2244
776 550 918	2244
411 895 940	2246
411 895 940	2246
478 908 861	2247
725 831 692	2248
725 831 692	2248
780 708 761	2249
780 708 761	2249
780 708 761	2249
987 532 732	2251
987 532 732	2251
623 970 659	2252
623 970 659	2252
433 832 988	2253
433 832 988	2253
729 884 641	2254
965 637 654	2256
965 637 654	2256
965 637 654	2256
697 850 710	2257
891 593 775	2259
891 593 775	2259
671 711 878	2260
665 654 943	2262
421 977 866	2264
586 757 923	2266
586 757 923	2266
586 757 923	2266
877 581 810	2268
642 941 686	2269
833 467 970	2270
833 467 970	2270
854 724 693	2271
875 901 496	2272
875 901 496	2272
875 901 496	2272
782 660 832	2274
905 461 909	2275
595 866 815	2276
595 866 815	2276
902 588 787	2277
902 588 787	2277
902 588 787	2277
916 910 452	2278
686 746 848	2280
418 963 900	2281
418 963 900	2281
469 974 839	2282
469 974 839	2282
469 974 839	2282
550 742 991	2283
942 588 754	2284
985 749 551	2285
906 810 570	2286
613 956 719	2288
958 584 749	2291
958 584 749	2291
363 945 984	2292
363 945 984	2292
363 945 984	2292
363 945 984	2292
931 487 875	2293
921 893 481	2295
921 893 481	2295
661 789 846	2296
661 789 846	2296
808 839 650	2297
808 839 650	2297
830 837 631	2298
830 837 631	2298
910 626 765	2301
974 912 416	2302
974 912 416	2302
746 569 988	2303
828 765 711	2304
509 970 826	2305
813 498 995	2306
826 812 669	2307
904 650 756	2310
635 905 773	2313
593 922 804	2319
593 922 804	2319
762 903 655	2320
762 903 655	2320
906 423 992	2321
868 671 783	2322
777 794 752	2323
992 703 631	2326
992 703 631	2326
506 859 962	2327
988 358 983	2329
797 846 688	2331
913 577 843	2333
873 859 602	2334
766 861 708	2335
938 849 556	2343
997 820 527	2344
765 902 678	2345
765 902 678	2345
601 935 811	2347
601 935 811	2347
817 823 714	2354
549 879 928	2356
549 879 928	2356
847 628 884	2359
649 894 817	2360
470 979 913	2362
470 979 913	2362
470 979 913	2362
470 979 913	2362
851 684 828	2363
851 684 828	2363
851 684 828	2363
851 684 828	2363
799 716 850	2365
822 682 862	2366
594 865 909	2368
825 859 685	2369
778 903 689	2370
531 906 935	2372
881 674 819	2374
881 674 819	2374
906 715 755	2376
680 788 909	2377
564 832 983	2379
501 980 899	2380
875 843 663	2381
711 682 990	2383
967 526 891	2384
967 526 891	2384
796 977 613	2386
876 925 586	2387
759 873 756	2388
759 873 756	2388
539 908 942	2389
713 988 689	2390
814 764 816	2394
796 740 862	2398
796 740 862	2398
796 740 862	2398
647 823 929	2399
647 823 929	2399
896 694 810	2400
951 661 789	2401
829 785 788	2402
495 983 926	2404
893 892 624	2409
923 891 600	2414
841 731 843	2415
984 477 956	2417
812 874 735	2421
987 849 586	2422
971 668 784	2423
986 608 831	2425
986 608 831	2425
985 774 667	2426
985 774 667	2426
844 617 966	2427
844 617 966	2427
749 854 825	2428
749 854 825	2428
968 981 480	2429
579 854 997	2430
579 854 997	2430
823 918 691	2432
910 625 899	2434
953 985 498	2436
789 777 872	2438
516 926 997	2439
934 688 818	2440
775 806 860	2441
775 806 860	2441
656 988 802	2446
941 732 777	2450
730 924 798	2452
829 943 688	2460
832 967 664	2463
933 889 642	2464
744 931 792	2467
686 860 922	2468
985 507 977	2469
674 835 963	2472
674 835 963	2472
914 613 952	2479
914 613 952	2479
821 740 921	2482
886 835 762	2483
935 584 965	2484
935 584 965	2484
935 584 965	2484
738 794 956	2488
853 901 737	2491
809 819 864	2492
689 997 807	2493
969 914 611	2494
969 914 611	2494
735 989 771	2495
946 820 731	2497
946 820 731	2497
939 667 904	2510
939 667 904	2510
970 995 546	2511
971 939 604	2514
971 939 604	2514
899 736 884	2519
925 906 690	2521
763 911 850	2524
851 728 949	2528
930 637 962	2529
993 676 861	2530
882 889 761	2532
865 862 807	2534
865 862 807	2534
956 931 652	2539
905 781 856	2542
817 908 821	2546
708 988 852	2548
881 861 808	2550
732 962 860	2554
790 780 989	2559
790 780 989	2559
790 780 989	2559
961 987 615	2563
773 804 988	2565
945 832 789	2566
860 761 952	2573
780 821 973	2574
876 935 765	2576
876 935 765	2576
755 871 951	2577
930 981 668	2579
850 831 899	2580
992 865 729	2586
911 828 849	2588
896 858 838	2592
896 858 838	2592
820 790 986	2596
996 820 794	2610
953 906 752	2611
957 956 703	2616
638 994 988	2620
790 975 856	2621
811 921 892	2624
898 947 782	2627
760 895 981	2636
952 820 867	2639
930 943 777	2650
975 685 991	2651
783 888 981	2652
898 850 906	2654
823 980 857	2660
897 843 924	2664
961 924 789	2674
855 967 854	2676
835 870 973	2678
835 870 973	2678
829 935 915	2679
894 932 873	2699
979 949 779	2707
970 883 863	2716
970 883 863	2716
995 992 735	2722
989 917 826	2732
845 967 921	2733
845 967 921	2733
904 905 927	2736
876 880 987	2743
876 880 987	2743
905 975 874	2754
965 987 806	2758
951 910 901	2762
972 935 859	2766
897 900 978	2775
923 880 980	2783
996 870 918	2784
922 920 944	2786
998 889 912	2799
888 988 924	2800
985 876 942	2803
981 956 891	2828
978 995 864	2837
946 994 914	2854
937 951 978	2866
977 962 946	2885
945 966 997	2908
