2 6 0  8
12 3 0  15
0 4 16  20
0 11 10  21
18 3 4  25
18 3 4  25
8 7 11  26
8 7 11  26
16 2 10  28
16 2 10  28
9 15 5  29
11 4 15  30
11 4 15  30
11 0 20  31
11 0 20  31
11 0 20  31
11 0 20  31
23 3 6  32
23 3 6  32
23 3 6  32
23 3 6  32
6 27 0  33
6 27 0  33
6 27 0  33
6 27 0  33
6 27 0  33
8 19 7  34
8 19 7  34
8 19 7  34
16 18 1  35
16 18 1  35
16 18 1  35
16 18 1  35
16 18 1  35
15 14 7  36
15 14 7  36
4 7 26  37
4 7 26  37
4 7 26  37
4 7 26  37
14 20 4  38
14 20 4  38
14 20 4  38
8 30 1  39
8 30 1  39
6 15 19  40
6 15 19  40
6 15 19  40
6 15 19  40
5 16 20  41
5 16 20  41
5 16 20  41
5 16 20  41
5 16 20  41
35 1 6  42
35 1 6  42
1 33 9  43
1 33 9  43
0 40 4  44
0 40 4  44
0 40 4  44
0 40 4  44
0 40 4  44
0 40 4  44
0 40 4  44
0 40 4  44
10 32 3  45
10 32 3  45
10 32 3  45
10 32 3  45
10 32 3  45
10 32 3  45
10 32 3  45
2 24 20  46
2 24 20  46
2 24 20  46
2 24 20  46
2 24 20  46
2 24 20  46
2 24 20  46
2 24 20  46
30 11 6  47
30 11 6  47
30 11 6  47
30 11 6  47
30 11 6  47
22 21 5  48
22 21 5  48
22 21 5  48
22 21 5  48
22 21 5  48
23 26 0  49
23 26 0  49
23 26 0  49
23 26 0  49
23 26 0  49
23 26 0  49
23 26 0  49
3 25 22  50
3 25 22  50
3 25 22  50
3 25 22  50
3 25 22  50
3 25 22  50
3 25 22  50
27 23 1  51
27 23 1  51
27 23 1  51
27 23 1  51
27 23 1  51
27 23 1  51
27 23 1  51
27 23 1  51
27 23 1  51
27 23 1  51
27 23 1  51
15 23 14  52
15 23 14  52
15 23 14  52
15 23 14  52
15 23 14  52
15 23 14  52
21 31 1  53
21 31 1  53
21 31 1  53
21 31 1  53
21 31 1  53
21 31 1  53
21 31 1  53
21 31 1  53
33 11 10  54
33 11 10  54
33 11 10  54
33 11 10  54
33 11 10  54
33 11 10  54
14 28 13  55
14 28 13  55
14 28 13  55
14 28 13  55
14 28 13  55
14 28 13  55
29 12 15  56
29 12 15  56
29 12 15  56
29 12 15  56
29 12 15  56
29 12 15  56
29 12 15  56
29 12 15  56
29 12 15  56
21 4 32  57
21 4 32  57
21 4 32  57
21 4 32  57
21 4 32  57
21 4 32  57
21 4 32  57
21 4 32  57
21 4 32  57
21 4 32  57
21 4 32  57
11 27 20  58
11 27 20  58
11 27 20  58
11 27 20  58
11 27 20  58
11 27 20  58
11 27 20  58
11 27 20  58
11 27 20  58
11 27 20  58
11 27 20  58
11 27 20  58
11 27 20  58
11 27 20  58
12 21 26  59
12 21 26  59
12 21 26  59
12 21 26  59
12 21 26  59
12 21 26  59
12 21 26  59
12 21 26  59
20 1 39  60
20 1 39  60
20 1 39  60
20 1 39  60
20 1 39  60
20 1 39  60
20 1 39  60
20 1 39  60
18 7 36  61
18 7 36  61
18 7 36  61
18 7 36  61
18 7 36  61
18 7 36  61
18 7 36  61
18 7 36  61
18 7 36  61
18 7 36  61
14 19 29  62
14 19 29  62
14 19 29  62
14 19 29  62
14 19 29  62
14 19 29  62
14 19 29  62
14 19 29  62
14 19 29  62
14 19 29  62
14 19 29  62
14 19 29  62
14 19 29  62
10 13 40  63
10 13 40  63
10 13 40  63
10 13 40  63
10 13 40  63
10 13 40  63
10 13 40  63
10 13 40  63
10 13 40  63
10 13 40  63
10 13 40  63
10 13 40  63
10 13 40  63
10 13 40  63
10 13 40  63
10 13 40  63
0 56 8  64
0 56 8  64
0 56 8  64
0 56 8  64
0 56 8  64
0 56 8  64
0 56 8  64
0 56 8  64
0 56 8  64
0 56 8  64
7 57 1  65
7 57 1  65
7 57 1  65
7 57 1  65
7 57 1  65
7 57 1  65
7 57 1  65
7 57 1  65
11 21 34  66
11 21 34  66
11 21 34  66
11 21 34  66
11 21 34  66
11 21 34  66
11 21 34  66
11 21 34  66
11 21 34  66
11 21 34  66
11 21 34  66
11 21 34  66
11 21 34  66
8 27 32  67
8 27 32  67
8 27 32  67
8 27 32  67
8 27 32  67
8 27 32  67
8 27 32  67
8 27 32  67
8 27 32  67
8 27 32  67
48 6 14  68
48 6 14  68
48 6 14  68
48 6 14  68
48 6 14  68
48 6 14  68
48 6 14  68
48 6 14  68
48 6 14  68
48 6 14  68
48 6 14  68
15 22 32  69
15 22 32  69
15 22 32  69
15 22 32  69
15 22 32  69
15 22 32  69
15 22 32  69
15 22 32  69
15 22 32  69
15 22 32  69
1 47 22  70
1 47 22  70
1 47 22  70
1 47 22  70
1 47 22  70
1 47 22  70
1 47 22  70
1 47 22  70
1 47 22  70
1 47 22  70
13 25 33  71
13 25 33  71
13 25 33  71
13 25 33  71
13 25 33  71
13 25 33  71
13 25 33  71
13 25 33  71
13 25 33  71
6 21 45  72
6 21 45  72
6 21 45  72
6 21 45  72
6 21 45  72
6 21 45  72
19 44 10  73
19 44 10  73
19 44 10  73
19 44 10  73
19 44 10  73
19 44 10  73
19 44 10  73
19 44 10  73
19 44 10  73
19 44 10  73
24 9 41  74
24 9 41  74
24 9 41  74
24 9 41  74
24 9 41  74
24 9 41  74
24 9 41  74
24 9 41  74
24 9 41  74
24 9 41  74
24 9 41  74
8 45 22  75
8 45 22  75
8 45 22  75
8 45 22  75
8 45 22  75
8 45 22  75
8 45 22  75
8 45 22  75
8 45 22  75
8 45 22  75
8 45 22  75
8 45 22  75
8 45 22  75
0 45 31  76
0 45 31  76
0 45 31  76
0 45 31  76
0 45 31  76
0 45 31  76
0 45 31  76
0 45 31  76
26 46 5  77
26 46 5  77
26 46 5  77
26 46 5  77
26 46 5  77
26 46 5  77
26 46 5  77
26 46 5  77
26 46 5  77
26 46 5  77
26 46 5  77
70 2 6  78
70 2 6  78
70 2 6  78
70 2 6  78
70 2 6  78
70 2 6  78
70 2 6  78
23 45 11  79
23 45 11  79
23 45 11  79
23 45 11  79
23 45 11  79
23 45 11  79
23 45 11  79
23 45 11  79
23 45 11  79
43 28 9  80
43 28 9  80
43 28 9  80
43 28 9  80
43 28 9  80
43 28 9  80
43 28 9  80
43 28 9  80
14 47 20  81
14 47 20  81
14 47 20  81
14 47 20  81
14 47 20  81
14 47 20  81
14 47 20  81
14 47 20  81
14 47 20  81
14 47 20  81
14 47 20  81
14 47 20  81
14 47 20  81
14 47 20  81
14 47 20  81
14 47 20  81
14 47 20  81
50 32 0  82
50 32 0  82
50 32 0  82
50 32 0  82
50 32 0  82
50 32 0  82
50 32 0  82
50 32 0  82
50 32 0  82
50 32 0  82
50 32 0  82
10 47 26  83
10 47 26  83
10 47 26  83
10 47 26  83
10 47 26  83
10 47 26  83
10 47 26  83
10 47 26  83
10 47 26  83
10 47 26  83
10 47 26  83
10 47 26  83
10 47 26  83
10 47 26  83
10 47 26  83
10 47 26  83
10 47 26  83
10 47 26  83
4 32 48  84
4 32 48  84
4 32 48  84
4 32 48  84
4 32 48  84
4 32 48  84
4 32 48  84
4 32 48  84
4 32 48  84
4 32 48  84
4 32 48  84
30 46 9  85
30 46 9  85
30 46 9  85
30 46 9  85
30 46 9  85
30 46 9  85
30 46 9  85
30 46 9  85
30 46 9  85
30 46 9  85
30 46 9  85
30 46 9  85
30 46 9  85
30 46 9  85
71 1 14  86
71 1 14  86
71 1 14  86
71 1 14  86
71 1 14  86
17 27 43  87
17 27 43  87
17 27 43  87
17 27 43  87
17 27 43  87
17 27 43  87
17 27 43  87
17 27 43  87
17 27 43  87
41 24 23  88
41 24 23  88
41 24 23  88
41 24 23  88
41 24 23  88
41 24 23  88
41 24 23  88
41 24 23  88
41 24 23  88
41 24 23  88
41 24 23  88
41 24 23  88
31 20 38  89
31 20 38  89
31 20 38  89
31 20 38  89
31 20 38  89
31 20 38  89
31 20 38  89
31 20 38  89
31 20 38  89
31 20 38  89
31 20 38  89
31 20 38  89
31 20 38  89
31 20 38  89
31 20 38  89
31 20 38  89
31 20 38  89
31 20 38  89
31 20 38  89
31 20 38  89
31 20 38  89
59 12 19  90
59 12 19  90
59 12 19  90
59 12 19  90
59 12 19  90
59 12 19  90
59 12 19  90
59 12 19  90
59 12 19  90
59 12 19  90
59 12 19  90
59 12 19  90
59 12 19  90
59 12 19  90
59 12 19  90
59 12 19  90
59 12 19  90
59 12 19  90
59 12 19  90
59 12 19  90
70 8 13  91
70 8 13  91
70 8 13  91
70 8 13  91
70 8 13  91
70 8 13  91
70 8 13  91
70 8 13  91
70 8 13  91
70 8 13  91
70 8 13  91
70 8 13  91
70 8 13  91
32 18 42  92
32 18 42  92
32 18 42  92
32 18 42  92
32 18 42  92
32 18 42  92
32 18 42  92
32 18 42  92
32 18 42  92
32 18 42  92
32 18 42  92
32 18 42  92
32 18 42  92
32 18 42  92
32 18 42  92
32 18 42  92
21 24 48  93
21 24 48  93
21 24 48  93
21 24 48  93
21 24 48  93
21 24 48  93
21 24 48  93
21 24 48  93
21 24 48  93
21 24 48  93
21 24 48  93
21 24 48  93
21 24 48  93
21 24 48  93
21 24 48  93
21 24 48  93
21 24 48  93
21 24 48  93
21 24 48  93
21 24 48  93
21 24 48  93
21 24 48  93
21 24 48  93
60 5 29  94
60 5 29  94
60 5 29  94
60 5 29  94
60 5 29  94
60 5 29  94
60 5 29  94
60 5 29  94
60 5 29  94
60 5 29  94
60 5 29  94
60 5 29  94
60 5 29  94
60 5 29  94
60 5 29  94
60 5 29  94
60 5 29  94
60 5 29  94
60 5 29  94
60 5 29  94
60 5 29  94
9 27 59  95
9 27 59  95
9 27 59  95
9 27 59  95
9 27 59  95
9 27 59  95
9 27 59  95
9 27 59  95
9 27 59  95
9 27 59  95
9 27 59  95
9 27 59  95
9 27 59  95
9 27 59  95
9 27 59  95
9 27 59  95
9 27 59  95
9 27 59  95
9 27 59  95
9 27 59  95
9 27 59  95
9 27 59  95
47 40 9  96
47 40 9  96
47 40 9  96
47 40 9  96
47 40 9  96
47 40 9  96
47 40 9  96
47 40 9  96
47 40 9  96
47 40 9  96
47 40 9  96
47 40 9  96
47 40 9  96
47 40 9  96
47 40 9  96
47 40 9  96
47 40 9  96
47 40 9  96
47 40 9  96
47 40 9  96
47 40 9  96
47 40 9  96
47 40 9  96
47 40 9  96
47 40 9  96
47 40 9  96
47 40 9  96
30 43 24  97
30 43 24  97
30 43 24  97
30 43 24  97
30 43 24  97
30 43 24  97
30 43 24  97
30 43 24  97
30 43 24  97
30 43 24  97
30 43 24  97
30 43 24  97
30 43 24  97
30 43 24  97
30 43 24  97
30 43 24  97
30 43 24  97
30 43 24  97
30 43 24  97
30 43 24  97
30 43 24  97
30 43 24  97
30 43 24  97
30 43 24  97
28 25 45  98
28 25 45  98
28 25 45  98
28 25 45  98
28 25 45  98
28 25 45  98
28 25 45  98
28 25 45  98
28 25 45  98
28 25 45  98
28 25 45  98
28 25 45  98
28 25 45  98
28 25 45  98
28 25 45  98
28 25 45  98
28 25 45  98
28 25 45  98
28 25 45  98
25 34 40  99
25 34 40  99
25 34 40  99
25 34 40  99
25 34 40  99
25 34 40  99
25 34 40  99
25 34 40  99
25 34 40  99
25 34 40  99
25 34 40  99
25 34 40  99
25 34 40  99
25 34 40  99
25 34 40  99
25 34 40  99
25 34 40  99
25 34 40  99
25 34 40  99
25 34 40  99
25 34 40  99
25 34 40  99
72 1 27  100
72 1 27  100
72 1 27  100
72 1 27  100
72 1 27  100
72 1 27  100
72 1 27  100
72 1 27  100
72 1 27  100
72 1 27  100
72 1 27  100
72 1 27  100
72 1 27  100
72 1 27  100
47 51 3  101
47 51 3  101
47 51 3  101
47 51 3  101
47 51 3  101
47 51 3  101
47 51 3  101
47 51 3  101
47 51 3  101
47 51 3  101
47 51 3  101
47 51 3  101
47 51 3  101
47 51 3  101
47 51 3  101
47 51 3  101
47 51 3  101
47 51 3  101
47 51 3  101
47 51 3  101
22 9 71  102
22 9 71  102
22 9 71  102
22 9 71  102
22 9 71  102
22 9 71  102
22 9 71  102
22 9 71  102
22 9 71  102
22 9 71  102
22 9 71  102
22 9 71  102
22 9 71  102
22 9 71  102
22 9 71  102
22 9 71  102
22 9 71  102
22 9 71  102
22 9 71  102
22 9 71  102
22 9 71  102
22 9 71  102
22 9 71  102
22 9 71  102
22 9 71  102
22 9 71  102
22 9 71  102
22 9 71  102
22 9 71  102
22 9 71  102
22 9 71  102
22 9 71  102
25 8 70  103
25 8 70  103
25 8 70  103
25 8 70  103
25 8 70  103
25 8 70  103
25 8 70  103
25 8 70  103
25 8 70  103
25 8 70  103
25 8 70  103
25 8 70  103
25 8 70  103
25 8 70  103
25 8 70  103
25 8 70  103
25 8 70  103
25 8 70  103
25 8 70  103
25 8 70  103
25 8 70  103
25 8 70  103
25 8 70  103
25 8 70  103
25 8 70  103
25 8 70  103
25 8 70  103
25 8 70  103
25 8 70  103
55 48 1  104
55 48 1  104
55 48 1  104
55 48 1  104
55 48 1  104
55 48 1  104
55 48 1  104
55 48 1  104
55 48 1  104
55 48 1  104
55 48 1  104
55 48 1  104
55 48 1  104
55 48 1  104
55 48 1  104
55 48 1  104
55 48 1  104
55 48 1  104
55 48 1  104
10 48 47  105
10 48 47  105
10 48 47  105
10 48 47  105
10 48 47  105
10 48 47  105
10 48 47  105
10 48 47  105
10 48 47  105
10 48 47  105
10 48 47  105
10 48 47  105
10 48 47  105
10 48 47  105
10 48 47  105
10 48 47  105
10 48 47  105
10 48 47  105
10 48 47  105
10 48 47  105
10 48 47  105
10 48 47  105
10 48 47  105
10 48 47  105
10 48 47  105
10 48 47  105
10 48 47  105
10 48 47  105
40 60 6  106
40 60 6  106
40 60 6  106
40 60 6  106
40 60 6  106
40 60 6  106
40 60 6  106
40 60 6  106
40 60 6  106
40 60 6  106
40 60 6  106
40 60 6  106
40 60 6  106
40 60 6  106
40 60 6  106
40 60 6  106
40 60 6  106
40 60 6  106
10 67 30  107
10 67 30  107
10 67 30  107
10 67 30  107
10 67 30  107
10 67 30  107
10 67 30  107
10 67 30  107
10 67 30  107
10 67 30  107
10 67 30  107
10 67 30  107
10 67 30  107
10 67 30  107
10 67 30  107
10 67 30  107
10 67 30  107
10 67 30  107
10 67 30  107
10 67 30  107
10 67 30  107
10 67 30  107
38 65 5  108
38 65 5  108
38 65 5  108
38 65 5  108
38 65 5  108
38 65 5  108
38 65 5  108
38 65 5  108
38 65 5  108
38 65 5  108
38 65 5  108
38 65 5  108
38 65 5  108
38 65 5  108
38 65 5  108
38 65 5  108
38 65 5  108
38 65 5  108
38 65 5  108
38 65 5  108
38 65 5  108
38 65 5  108
38 65 5  108
38 65 5  108
38 65 5  108
38 65 5  108
38 65 5  108
42 11 56  109
42 11 56  109
42 11 56  109
42 11 56  109
42 11 56  109
42 11 56  109
42 11 56  109
42 11 56  109
42 11 56  109
42 11 56  109
42 11 56  109
42 11 56  109
42 11 56  109
42 11 56  109
42 11 56  109
42 11 56  109
42 11 56  109
42 11 56  109
42 11 56  109
42 11 56  109
42 11 56  109
8 32 70  110
8 32 70  110
8 32 70  110
8 32 70  110
8 32 70  110
8 32 70  110
8 32 70  110
8 32 70  110
8 32 70  110
8 32 70  110
8 32 70  110
8 32 70  110
8 32 70  110
8 32 70  110
8 32 70  110
8 32 70  110
8 32 70  110
8 32 70  110
8 32 70  110
8 32 70  110
8 32 70  110
8 32 70  110
8 32 70  110
8 32 70  110
8 32 70  110
8 32 70  110
8 32 70  110
8 32 70  110
8 32 70  110
22 45 44  111
22 45 44  111
22 45 44  111
22 45 44  111
22 45 44  111
22 45 44  111
22 45 44  111
22 45 44  111
22 45 44  111
22 45 44  111
22 45 44  111
22 45 44  111
22 45 44  111
22 45 44  111
22 45 44  111
22 45 44  111
22 45 44  111
22 45 44  111
22 45 44  111
22 45 44  111
22 45 44  111
22 45 44  111
22 45 44  111
22 45 44  111
27 28 57  112
27 28 57  112
27 28 57  112
27 28 57  112
27 28 57  112
27 28 57  112
27 28 57  112
27 28 57  112
27 28 57  112
27 28 57  112
27 28 57  112
27 28 57  112
27 28 57  112
27 28 57  112
27 28 57  112
27 28 57  112
27 28 57  112
27 28 57  112
27 28 57  112
27 28 57  112
27 28 57  112
27 28 57  112
27 28 57  112
27 28 57  112
27 28 57  112
27 28 57  112
2 95 16  113
2 95 16  113
2 95 16  113
2 95 16  113
2 95 16  113
2 95 16  113
2 95 16  113
2 95 16  113
2 95 16  113
2 95 16  113
2 95 16  113
2 95 16  113
2 95 16  113
2 95 16  113
2 95 16  113
2 95 16  113
2 95 16  113
2 95 16  113
2 95 16  113
2 95 16  113
2 95 16  113
2 95 16  113
2 95 16  113
14 85 15  114
14 85 15  114
14 85 15  114
14 85 15  114
14 85 15  114
14 85 15  114
14 85 15  114
14 85 15  114
14 85 15  114
14 85 15  114
14 85 15  114
14 85 15  114
14 85 15  114
14 85 15  114
14 85 15  114
14 85 15  114
14 85 15  114
14 85 15  114
14 85 15  114
14 85 15  114
14 85 15  114
14 85 15  114
14 85 15  114
14 85 15  114
14 85 15  114
14 85 15  114
14 85 15  114
14 85 15  114
14 85 15  114
14 85 15  114
14 85 15  114
10 80 25  115
10 80 25  115
10 80 25  115
10 80 25  115
10 80 25  115
10 80 25  115
10 80 25  115
10 80 25  115
10 80 25  115
10 80 25  115
10 80 25  115
10 80 25  115
10 80 25  115
10 80 25  115
10 80 25  115
10 80 25  115
10 80 25  115
10 80 25  115
10 80 25  115
10 80 25  115
10 80 25  115
10 80 25  115
10 80 25  115
10 80 25  115
10 80 25  115
55 37 24  116
55 37 24  116
55 37 24  116
55 37 24  116
55 37 24  116
55 37 24  116
55 37 24  116
55 37 24  116
55 37 24  116
55 37 24  116
55 37 24  116
55 37 24  116
55 37 24  116
55 37 24  116
55 37 24  116
55 37 24  116
55 37 24  116
55 37 24  116
55 37 24  116
55 37 24  116
55 37 24  116
55 37 24  116
26 37 54  117
26 37 54  117
26 37 54  117
26 37 54  117
26 37 54  117
26 37 54  117
26 37 54  117
26 37 54  117
26 37 54  117
26 37 54  117
26 37 54  117
26 37 54  117
26 37 54  117
26 37 54  117
26 37 54  117
26 37 54  117
26 37 54  117
26 37 54  117
26 37 54  117
21 6 91  118
21 6 91  118
21 6 91  118
21 6 91  118
21 6 91  118
21 6 91  118
21 6 91  118
21 6 91  118
21 6 91  118
21 6 91  118
21 6 91  118
21 6 91  118
21 6 91  118
21 6 91  118
21 6 91  118
21 6 91  118
21 6 91  118
21 6 91  118
21 6 91  118
21 6 91  118
4 24 91  119
4 24 91  119
4 24 91  119
4 24 91  119
4 24 91  119
4 24 91  119
4 24 91  119
4 24 91  119
4 24 91  119
4 24 91  119
4 24 91  119
4 24 91  119
4 24 91  119
4 24 91  119
4 24 91  119
4 24 91  119
4 24 91  119
4 24 91  119
4 24 91  119
4 24 91  119
4 24 91  119
4 24 91  119
4 24 91  119
4 24 91  119
4 24 91  119
4 24 91  119
4 24 91  119
4 24 91  119
4 24 91  119
4 24 91  119
4 24 91  119
4 24 91  119
4 24 91  119
4 24 91  119
4 24 91  119
55 35 30  120
55 35 30  120
55 35 30  120
55 35 30  120
55 35 30  120
55 35 30  120
55 35 30  120
55 35 30  120
55 35 30  120
55 35 30  120
55 35 30  120
55 35 30  120
55 35 30  120
55 35 30  120
55 35 30  120
55 35 30  120
55 35 30  120
55 35 30  120
55 35 30  120
55 35 30  120
55 35 30  120
55 35 30  120
55 35 30  120
55 35 30  120
55 35 30  120
59 26 36  121
59 26 36  121
59 26 36  121
59 26 36  121
59 26 36  121
59 26 36  121
59 26 36  121
59 26 36  121
59 26 36  121
59 26 36  121
59 26 36  121
59 26 36  121
59 26 36  121
59 26 36  121
59 26 36  121
59 26 36  121
59 26 36  121
59 26 36  121
59 26 36  121
59 26 36  121
59 26 36  121
59 26 36  121
59 26 36  121
59 26 36  121
59 26 36  121
59 26 36  121
59 26 36  121
59 26 36  121
59 26 36  121
59 26 36  121
59 26 36  121
59 26 36  121
59 26 36  121
59 26 36  121
48 23 51  122
48 23 51  122
48 23 51  122
48 23 51  122
48 23 51  122
48 23 51  122
48 23 51  122
48 23 51  122
48 23 51  122
48 23 51  122
48 23 51  122
48 23 51  122
48 23 51  122
48 23 51  122
48 23 51  122
48 23 51  122
48 23 51  122
48 23 51  122
48 23 51  122
48 23 51  122
48 23 51  122
48 23 51  122
48 23 51  122
48 23 51  122
48 23 51  122
48 23 51  122
48 23 51  122
48 23 51  122
48 23 51  122
48 23 51  122
48 23 51  122
48 23 51  122
48 23 51  122
48 23 51  122
48 23 51  122
48 23 51  122
48 23 51  122
48 23 51  122
48 23 51  122
48 23 51  122
48 23 51  122
48 23 51  122
48 23 51  122
3 41 79  123
3 41 79  123
3 41 79  123
3 41 79  123
3 41 79  123
3 41 79  123
3 41 79  123
3 41 79  123
3 41 79  123
3 41 79  123
3 41 79  123
3 41 79  123
3 41 79  123
3 41 79  123
3 41 79  123
3 41 79  123
3 41 79  123
3 41 79  123
3 41 79  123
3 41 79  123
3 41 79  123
3 41 79  123
3 41 79  123
3 41 79  123
3 41 79  123
5 26 93  124
5 26 93  124
5 26 93  124
5 26 93  124
5 26 93  124
5 26 93  124
5 26 93  124
5 26 93  124
5 26 93  124
5 26 93  124
5 26 93  124
5 26 93  124
5 26 93  124
5 26 93  124
5 26 93  124
5 26 93  124
5 26 93  124
5 26 93  124
5 26 93  124
5 26 93  124
5 26 93  124
5 26 93  124
5 26 93  124
5 26 93  124
5 26 93  124
5 26 93  124
5 26 93  124
5 26 93  124
5 26 93  124
5 26 93  124
5 26 93  124
5 26 93  124
5 26 93  124
5 26 93  124
5 26 93  124
5 26 93  124
48 43 34  125
48 43 34  125
48 43 34  125
48 43 34  125
48 43 34  125
48 43 34  125
48 43 34  125
48 43 34  125
48 43 34  125
48 43 34  125
48 43 34  125
48 43 34  125
48 43 34  125
48 43 34  125
48 43 34  125
48 43 34  125
48 43 34  125
48 43 34  125
48 43 34  125
48 43 34  125
48 43 34  125
48 43 34  125
48 43 34  125
48 43 34  125
48 43 34  125
48 43 34  125
48 43 34  125
48 43 34  125
48 43 34  125
48 43 34  125
48 43 34  125
48 43 34  125
48 43 34  125
48 43 34  125
48 43 34  125
48 43 34  125
48 43 34  125
48 43 34  125
48 43 34  125
48 43 34  125
31 1 94  126
31 1 94  126
31 1 94  126
31 1 94  126
31 1 94  126
31 1 94  126
31 1 94  126
31 1 94  126
31 1 94  126
31 1 94  126
31 1 94  126
31 1 94  126
31 1 94  126
31 1 94  126
31 1 94  126
31 1 94  126
31 1 94  126
31 1 94  126
31 1 94  126
31 1 94  126
31 1 94  126
31 1 94  126
31 1 94  126
31 1 94  126
31 1 94  126
31 1 94  126
31 1 94  126
31 1 94  126
31 1 94  126
31 1 94  126
30 0 97  127
30 0 97  127
30 0 97  127
30 0 97  127
30 0 97  127
30 0 97  127
30 0 97  127
30 0 97  127
30 0 97  127
30 0 97  127
30 0 97  127
30 0 97  127
30 0 97  127
30 0 97  127
30 0 97  127
30 0 97  127
30 0 97  127
30 0 97  127
30 0 97  127
30 0 97  127
30 0 97  127
30 0 97  127
30 0 97  127
30 0 97  127
30 0 97  127
30 0 97  127
30 0 97  127
30 0 97  127
67 47 14  128
67 47 14  128
67 47 14  128
67 47 14  128
67 47 14  128
67 47 14  128
67 47 14  128
67 47 14  128
67 47 14  128
67 47 14  128
67 47 14  128
67 47 14  128
67 47 14  128
67 47 14  128
67 47 14  128
67 47 14  128
67 47 14  128
67 47 14  128
67 47 14  128
67 47 14  128
67 47 14  128
67 47 14  128
67 47 14  128
67 47 14  128
67 47 14  128
67 47 14  128
67 47 14  128
67 47 14  128
67 47 14  128
67 47 14  128
67 47 14  128
67 47 14  128
67 47 14  128
67 47 14  128
67 47 14  128
67 47 14  128
59 69 1  129
59 69 1  129
59 69 1  129
59 69 1  129
59 69 1  129
59 69 1  129
59 69 1  129
59 69 1  129
59 69 1  129
59 69 1  129
59 69 1  129
59 69 1  129
59 69 1  129
59 69 1  129
59 69 1  129
59 69 1  129
59 69 1  129
59 69 1  129
59 69 1  129
59 69 1  129
59 69 1  129
59 69 1  129
59 69 1  129
59 69 1  129
59 69 1  129
59 69 1  129
59 69 1  129
59 69 1  129
59 69 1  129
59 69 1  129
59 69 1  129
59 69 1  129
59 69 1  129
59 69 1  129
59 69 1  129
59 69 1  129
59 69 1  129
59 69 1  129
59 69 1  129
8 33 89  130
8 33 89  130
8 33 89  130
8 33 89  130
8 33 89  130
8 33 89  130
8 33 89  130
8 33 89  130
8 33 89  130
8 33 89  130
8 33 89  130
8 33 89  130
8 33 89  130
8 33 89  130
8 33 89  130
8 33 89  130
8 33 89  130
8 33 89  130
8 33 89  130
8 33 89  130
8 33 89  130
8 33 89  130
8 33 89  130
35 94 2  131
35 94 2  131
35 94 2  131
35 94 2  131
35 94 2  131
35 94 2  131
35 94 2  131
35 94 2  131
35 94 2  131
35 94 2  131
35 94 2  131
35 94 2  131
35 94 2  131
35 94 2  131
35 94 2  131
35 94 2  131
35 94 2  131
35 94 2  131
35 94 2  131
35 94 2  131
35 94 2  131
35 94 2  131
35 94 2  131
35 94 2  131
39 36 57  132
39 36 57  132
39 36 57  132
39 36 57  132
39 36 57  132
39 36 57  132
39 36 57  132
39 36 57  132
39 36 57  132
39 36 57  132
39 36 57  132
39 36 57  132
39 36 57  132
39 36 57  132
39 36 57  132
39 36 57  132
39 36 57  132
39 36 57  132
39 36 57  132
39 36 57  132
39 36 57  132
39 36 57  132
39 36 57  132
39 36 57  132
62 19 52  133
62 19 52  133
62 19 52  133
62 19 52  133
62 19 52  133
62 19 52  133
62 19 52  133
62 19 52  133
62 19 52  133
62 19 52  133
62 19 52  133
62 19 52  133
62 19 52  133
62 19 52  133
62 19 52  133
62 19 52  133
62 19 52  133
62 19 52  133
62 19 52  133
62 19 52  133
62 19 52  133
61 42 31  134
61 42 31  134
61 42 31  134
61 42 31  134
61 42 31  134
61 42 31  134
61 42 31  134
61 42 31  134
61 42 31  134
61 42 31  134
61 42 31  134
61 42 31  134
61 42 31  134
61 42 31  134
61 42 31  134
61 42 31  134
61 42 31  134
61 42 31  134
61 42 31  134
61 42 31  134
61 42 31  134
61 42 31  134
61 42 31  134
61 42 31  134
61 42 31  134
61 42 31  134
61 42 31  134
61 42 31  134
61 42 31  134
61 42 31  134
61 42 31  134
61 42 31  134
82 14 39  135
82 14 39  135
82 14 39  135
82 14 39  135
82 14 39  135
82 14 39  135
82 14 39  135
82 14 39  135
82 14 39  135
82 14 39  135
82 14 39  135
82 14 39  135
82 14 39  135
82 14 39  135
82 14 39  135
82 14 39  135
82 14 39  135
82 14 39  135
82 14 39  135
82 14 39  135
82 14 39  135
82 14 39  135
82 14 39  135
82 14 39  135
82 14 39  135
82 14 39  135
82 14 39  135
82 14 39  135
82 14 39  135
10 95 31  136
10 95 31  136
10 95 31  136
10 95 31  136
10 95 31  136
10 95 31  136
10 95 31  136
10 95 31  136
10 95 31  136
10 95 31  136
10 95 31  136
10 95 31  136
10 95 31  136
10 95 31  136
10 95 31  136
10 95 31  136
10 95 31  136
10 95 31  136
10 95 31  136
10 95 31  136
10 95 31  136
10 95 31  136
10 95 31  136
10 95 31  136
10 95 31  136
10 95 31  136
10 95 31  136
10 95 31  136
10 95 31  136
10 95 31  136
10 95 31  136
10 95 31  136
77 52 8  137
77 52 8  137
77 52 8  137
77 52 8  137
77 52 8  137
77 52 8  137
77 52 8  137
77 52 8  137
77 52 8  137
77 52 8  137
77 52 8  137
77 52 8  137
77 52 8  137
77 52 8  137
77 52 8  137
77 52 8  137
77 52 8  137
77 52 8  137
77 52 8  137
77 52 8  137
77 52 8  137
77 52 8  137
77 52 8  137
91 1 46  138
91 1 46  138
91 1 46  138
91 1 46  138
91 1 46  138
91 1 46  138
91 1 46  138
91 1 46  138
91 1 46  138
91 1 46  138
91 1 46  138
91 1 46  138
91 1 46  138
91 1 46  138
91 1 46  138
91 1 46  138
91 1 46  138
91 1 46  138
91 1 46  138
91 1 46  138
91 1 46  138
91 1 46  138
91 1 46  138
91 1 46  138
91 1 46  138
91 1 46  138
91 1 46  138
63 20 56  139
63 20 56  139
63 20 56  139
63 20 56  139
63 20 56  139
63 20 56  139
63 20 56  139
63 20 56  139
63 20 56  139
63 20 56  139
63 20 56  139
63 20 56  139
63 20 56  139
63 20 56  139
63 20 56  139
63 20 56  139
63 20 56  139
63 20 56  139
63 20 56  139
63 20 56  139
63 20 56  139
63 20 56  139
63 20 56  139
63 20 56  139
63 20 56  139
63 20 56  139
63 20 56  139
63 20 56  139
63 20 56  139
63 20 56  139
20 53 67  140
20 53 67  140
20 53 67  140
20 53 67  140
20 53 67  140
20 53 67  140
20 53 67  140
20 53 67  140
20 53 67  140
20 53 67  140
20 53 67  140
20 53 67  140
20 53 67  140
20 53 67  140
20 53 67  140
20 53 67  140
20 53 67  140
20 53 67  140
20 53 67  140
20 53 67  140
20 53 67  140
20 53 67  140
20 53 67  140
20 53 67  140
20 53 67  140
20 53 67  140
20 53 67  140
20 53 67  140
20 53 67  140
66 56 19  141
66 56 19  141
66 56 19  141
66 56 19  141
66 56 19  141
66 56 19  141
66 56 19  141
66 56 19  141
66 56 19  141
66 56 19  141
66 56 19  141
66 56 19  141
66 56 19  141
66 56 19  141
66 56 19  141
66 56 19  141
66 56 19  141
66 56 19  141
66 56 19  141
66 56 19  141
66 56 19  141
66 56 19  141
66 56 19  141
66 56 19  141
66 56 19  141
66 56 19  141
21 26 95  142
21 26 95  142
21 26 95  142
21 26 95  142
21 26 95  142
21 26 95  142
21 26 95  142
21 26 95  142
21 26 95  142
21 26 95  142
21 26 95  142
21 26 95  142
21 26 95  142
21 26 95  142
21 26 95  142
21 26 95  142
21 26 95  142
21 26 95  142
21 26 95  142
21 26 95  142
21 26 95  142
21 26 95  142
21 26 95  142
21 26 95  142
21 26 95  142
21 26 95  142
21 26 95  142
21 26 95  142
21 26 95  142
21 26 95  142
21 26 95  142
78 29 36  143
78 29 36  143
78 29 36  143
78 29 36  143
78 29 36  143
78 29 36  143
78 29 36  143
78 29 36  143
78 29 36  143
78 29 36  143
78 29 36  143
78 29 36  143
78 29 36  143
78 29 36  143
78 29 36  143
78 29 36  143
78 29 36  143
78 29 36  143
78 29 36  143
78 29 36  143
78 29 36  143
78 29 36  143
78 29 36  143
78 29 36  143
78 29 36  143
78 29 36  143
78 29 36  143
50 89 5  144
50 89 5  144
50 89 5  144
50 89 5  144
50 89 5  144
50 89 5  144
50 89 5  144
50 89 5  144
50 89 5  144
50 89 5  144
50 89 5  144
50 89 5  144
50 89 5  144
50 89 5  144
50 89 5  144
50 89 5  144
50 89 5  144
50 89 5  144
50 89 5  144
50 89 5  144
50 89 5  144
50 89 5  144
50 89 5  144
50 89 5  144
50 89 5  144
50 89 5  144
63 30 52  145
63 30 52  145
63 30 52  145
63 30 52  145
63 30 52  145
63 30 52  145
63 30 52  145
63 30 52  145
63 30 52  145
63 30 52  145
63 30 52  145
63 30 52  145
63 30 52  145
63 30 52  145
63 30 52  145
63 30 52  145
63 30 52  145
63 30 52  145
63 30 52  145
63 30 52  145
63 30 52  145
63 30 52  145
63 30 52  145
63 30 52  145
63 30 52  145
63 30 52  145
63 30 52  145
63 30 52  145
27 43 76  146
27 43 76  146
27 43 76  146
27 43 76  146
27 43 76  146
27 43 76  146
27 43 76  146
27 43 76  146
27 43 76  146
27 43 76  146
27 43 76  146
27 43 76  146
27 43 76  146
27 43 76  146
27 43 76  146
27 43 76  146
27 43 76  146
27 43 76  146
27 43 76  146
27 43 76  146
27 43 76  146
27 43 76  146
27 43 76  146
27 43 76  146
27 43 76  146
27 43 76  146
27 43 76  146
27 43 76  146
27 43 76  146
27 43 76  146
27 43 76  146
27 43 76  146
27 43 76  146
65 58 24  147
65 58 24  147
65 58 24  147
65 58 24  147
65 58 24  147
65 58 24  147
65 58 24  147
65 58 24  147
65 58 24  147
65 58 24  147
65 58 24  147
65 58 24  147
65 58 24  147
65 58 24  147
65 58 24  147
65 58 24  147
65 58 24  147
65 58 24  147
65 58 24  147
65 58 24  147
65 58 24  147
65 58 24  147
65 58 24  147
65 58 24  147
65 58 24  147
65 58 24  147
65 58 24  147
65 58 24  147
65 58 24  147
65 58 24  147
65 58 24  147
65 58 24  147
65 58 24  147
74 58 16  148
74 58 16  148
74 58 16  148
74 58 16  148
74 58 16  148
74 58 16  148
74 58 16  148
74 58 16  148
74 58 16  148
74 58 16  148
74 58 16  148
74 58 16  148
74 58 16  148
74 58 16  148
74 58 16  148
74 58 16  148
74 58 16  148
74 58 16  148
74 58 16  148
74 58 16  148
74 58 16  148
74 58 16  148
74 58 16  148
74 58 16  148
74 58 16  148
74 58 16  148
74 58 16  148
74 58 16  148
74 58 16  148
57 22 70  149
57 22 70  149
57 22 70  149
57 22 70  149
57 22 70  149
57 22 70  149
57 22 70  149
57 22 70  149
57 22 70  149
57 22 70  149
57 22 70  149
57 22 70  149
57 22 70  149
57 22 70  149
57 22 70  149
57 22 70  149
57 22 70  149
57 22 70  149
57 22 70  149
57 22 70  149
57 22 70  149
57 22 70  149
57 22 70  149
57 22 70  149
4 81 65  150
4 81 65  150
4 81 65  150
4 81 65  150
4 81 65  150
4 81 65  150
4 81 65  150
4 81 65  150
4 81 65  150
4 81 65  150
4 81 65  150
4 81 65  150
4 81 65  150
4 81 65  150
4 81 65  150
4 81 65  150
4 81 65  150
4 81 65  150
4 81 65  150
4 81 65  150
4 81 65  150
77 1 73  151
77 1 73  151
77 1 73  151
77 1 73  151
77 1 73  151
77 1 73  151
77 1 73  151
77 1 73  151
77 1 73  151
77 1 73  151
77 1 73  151
77 1 73  151
77 1 73  151
77 1 73  151
77 1 73  151
77 1 73  151
77 1 73  151
77 1 73  151
77 1 73  151
77 1 73  151
77 1 73  151
77 1 73  151
77 1 73  151
77 1 73  151
77 1 73  151
77 1 73  151
38 95 19  152
38 95 19  152
38 95 19  152
38 95 19  152
38 95 19  152
38 95 19  152
38 95 19  152
38 95 19  152
38 95 19  152
38 95 19  152
38 95 19  152
38 95 19  152
38 95 19  152
38 95 19  152
38 95 19  152
38 95 19  152
38 95 19  152
38 95 19  152
38 95 19  152
38 95 19  152
38 95 19  152
38 95 19  152
38 95 19  152
38 95 19  152
38 95 19  152
38 95 19  152
38 95 19  152
38 95 19  152
38 95 19  152
38 95 19  152
38 95 19  152
38 95 19  152
38 95 19  152
38 95 19  152
38 95 19  152
20 89 44  153
20 89 44  153
20 89 44  153
20 89 44  153
20 89 44  153
20 89 44  153
20 89 44  153
20 89 44  153
20 89 44  153
20 89 44  153
20 89 44  153
20 89 44  153
20 89 44  153
20 89 44  153
20 89 44  153
20 89 44  153
20 89 44  153
20 89 44  153
20 89 44  153
20 89 44  153
20 89 44  153
20 89 44  153
20 89 44  153
20 89 44  153
20 89 44  153
20 89 44  153
20 89 44  153
20 89 44  153
20 89 44  153
20 89 44  153
20 89 44  153
20 89 44  153
20 89 44  153
20 89 44  153
20 89 44  153
20 89 44  153
20 89 44  153
3 94 57  154
3 94 57  154
3 94 57  154
3 94 57  154
3 94 57  154
3 94 57  154
3 94 57  154
3 94 57  154
3 94 57  154
3 94 57  154
3 94 57  154
3 94 57  154
3 94 57  154
3 94 57  154
3 94 57  154
3 94 57  154
3 94 57  154
3 94 57  154
3 94 57  154
3 94 57  154
3 94 57  154
3 94 57  154
3 94 57  154
3 94 57  154
3 94 57  154
3 94 57  154
3 94 57  154
3 94 57  154
3 94 57  154
3 94 57  154
3 94 57  154
3 94 57  154
3 94 57  154
3 94 57  154
32 82 41  155
32 82 41  155
32 82 41  155
32 82 41  155
32 82 41  155
32 82 41  155
32 82 41  155
32 82 41  155
32 82 41  155
32 82 41  155
32 82 41  155
32 82 41  155
32 82 41  155
32 82 41  155
32 82 41  155
32 82 41  155
32 82 41  155
32 82 41  155
32 82 41  155
32 82 41  155
32 82 41  155
32 82 41  155
32 82 41  155
32 82 41  155
32 82 41  155
32 82 41  155
32 82 41  155
32 82 41  155
32 82 41  155
32 82 41  155
32 82 41  155
32 82 41  155
32 82 41  155
62 25 69  156
62 25 69  156
62 25 69  156
62 25 69  156
62 25 69  156
62 25 69  156
62 25 69  156
62 25 69  156
62 25 69  156
62 25 69  156
62 25 69  156
62 25 69  156
62 25 69  156
62 25 69  156
62 25 69  156
62 25 69  156
62 25 69  156
62 25 69  156
62 25 69  156
62 25 69  156
62 25 69  156
62 25 69  156
62 25 69  156
62 25 69  156
62 25 69  156
62 25 69  156
62 25 69  156
62 25 69  156
62 25 69  156
62 25 69  156
62 25 69  156
62 25 69  156
62 25 69  156
62 25 69  156
7 97 53  157
7 97 53  157
7 97 53  157
7 97 53  157
7 97 53  157
7 97 53  157
7 97 53  157
7 97 53  157
7 97 53  157
7 97 53  157
7 97 53  157
7 97 53  157
7 97 53  157
7 97 53  157
7 97 53  157
7 97 53  157
7 97 53  157
7 97 53  157
7 97 53  157
7 97 53  157
7 97 53  157
7 97 53  157
7 97 53  157
7 97 53  157
7 97 53  157
7 97 53  157
7 97 53  157
7 97 53  157
7 97 53  157
7 97 53  157
7 97 53  157
7 97 53  157
7 97 53  157
7 97 53  157
52 86 20  158
52 86 20  158
52 86 20  158
52 86 20  158
52 86 20  158
52 86 20  158
52 86 20  158
52 86 20  158
52 86 20  158
52 86 20  158
52 86 20  158
52 86 20  158
52 86 20  158
52 86 20  158
52 86 20  158
52 86 20  158
52 86 20  158
52 86 20  158
52 86 20  158
52 86 20  158
52 86 20  158
52 86 20  158
52 86 20  158
52 86 20  158
52 86 20  158
52 86 20  158
39 53 67  159
39 53 67  159
39 53 67  159
39 53 67  159
39 53 67  159
39 53 67  159
39 53 67  159
39 53 67  159
39 53 67  159
39 53 67  159
39 53 67  159
39 53 67  159
39 53 67  159
39 53 67  159
39 53 67  159
39 53 67  159
39 53 67  159
39 53 67  159
39 53 67  159
39 53 67  159
39 53 67  159
39 53 67  159
39 53 67  159
39 53 67  159
39 53 67  159
39 53 67  159
39 53 67  159
39 53 67  159
39 53 67  159
39 53 67  159
39 53 67  159
39 53 67  159
39 53 67  159
39 53 67  159
39 53 67  159
39 53 67  159
39 53 67  159
33 51 76  160
33 51 76  160
33 51 76  160
33 51 76  160
33 51 76  160
33 51 76  160
33 51 76  160
33 51 76  160
33 51 76  160
33 51 76  160
33 51 76  160
33 51 76  160
33 51 76  160
33 51 76  160
33 51 76  160
33 51 76  160
33 51 76  160
33 51 76  160
33 51 76  160
33 51 76  160
33 51 76  160
33 51 76  160
33 51 76  160
33 51 76  160
33 51 76  160
33 51 76  160
33 51 76  160
33 51 76  160
33 51 76  160
33 51 76  160
74 47 40  161
74 47 40  161
74 47 40  161
74 47 40  161
74 47 40  161
74 47 40  161
74 47 40  161
74 47 40  161
74 47 40  161
74 47 40  161
74 47 40  161
74 47 40  161
74 47 40  161
74 47 40  161
74 47 40  161
74 47 40  161
74 47 40  161
74 47 40  161
74 47 40  161
74 47 40  161
74 47 40  161
74 47 40  161
74 47 40  161
74 47 40  161
74 47 40  161
74 47 40  161
74 47 40  161
74 47 40  161
74 47 40  161
74 47 40  161
74 47 40  161
79 23 60  162
79 23 60  162
79 23 60  162
79 23 60  162
79 23 60  162
79 23 60  162
79 23 60  162
79 23 60  162
79 23 60  162
79 23 60  162
79 23 60  162
79 23 60  162
79 23 60  162
79 23 60  162
79 23 60  162
79 23 60  162
79 23 60  162
79 23 60  162
79 23 60  162
79 23 60  162
79 23 60  162
79 23 60  162
79 23 60  162
79 23 60  162
79 23 60  162
2 96 65  163
2 96 65  163
2 96 65  163
2 96 65  163
2 96 65  163
2 96 65  163
2 96 65  163
2 96 65  163
2 96 65  163
2 96 65  163
2 96 65  163
2 96 65  163
2 96 65  163
2 96 65  163
2 96 65  163
2 96 65  163
2 96 65  163
2 96 65  163
2 96 65  163
2 96 65  163
2 96 65  163
2 96 65  163
2 96 65  163
2 96 65  163
63 97 4  164
63 97 4  164
63 97 4  164
63 97 4  164
63 97 4  164
63 97 4  164
63 97 4  164
63 97 4  164
63 97 4  164
63 97 4  164
63 97 4  164
63 97 4  164
63 97 4  164
63 97 4  164
63 97 4  164
63 97 4  164
63 97 4  164
63 97 4  164
63 97 4  164
63 97 4  164
63 97 4  164
63 97 4  164
63 97 4  164
63 97 4  164
63 97 4  164
63 97 4  164
63 97 4  164
63 97 4  164
63 97 4  164
63 97 4  164
63 97 4  164
87 59 19  165
87 59 19  165
87 59 19  165
87 59 19  165
87 59 19  165
87 59 19  165
87 59 19  165
87 59 19  165
87 59 19  165
87 59 19  165
87 59 19  165
87 59 19  165
87 59 19  165
87 59 19  165
87 59 19  165
87 59 19  165
87 59 19  165
87 59 19  165
87 59 19  165
87 59 19  165
87 59 19  165
87 59 19  165
87 59 19  165
87 59 19  165
87 59 19  165
87 59 19  165
87 59 19  165
87 59 19  165
87 59 19  165
87 59 19  165
87 59 19  165
87 59 19  165
87 59 19  165
87 59 19  165
87 59 19  165
87 59 19  165
78 42 46  166
78 42 46  166
78 42 46  166
78 42 46  166
78 42 46  166
78 42 46  166
78 42 46  166
78 42 46  166
78 42 46  166
78 42 46  166
78 42 46  166
78 42 46  166
78 42 46  166
78 42 46  166
78 42 46  166
78 42 46  166
78 42 46  166
78 42 46  166
78 42 46  166
78 42 46  166
78 42 46  166
78 42 46  166
78 42 46  166
78 42 46  166
78 42 46  166
78 42 46  166
78 42 46  166
78 42 46  166
78 42 46  166
78 42 46  166
78 42 46  166
78 42 46  166
78 42 46  166
78 42 46  166
78 42 46  166
78 42 46  166
78 42 46  166
78 42 46  166
78 42 46  166
78 42 46  166
78 42 46  166
78 42 46  166
78 42 46  166
44 68 55  167
44 68 55  167
44 68 55  167
44 68 55  167
44 68 55  167
44 68 55  167
44 68 55  167
44 68 55  167
44 68 55  167
44 68 55  167
44 68 55  167
44 68 55  167
44 68 55  167
44 68 55  167
44 68 55  167
44 68 55  167
44 68 55  167
44 68 55  167
44 68 55  167
44 68 55  167
44 68 55  167
44 68 55  167
44 68 55  167
44 68 55  167
44 68 55  167
44 68 55  167
44 68 55  167
44 68 55  167
44 68 55  167
44 68 55  167
44 68 55  167
44 68 55  167
44 68 55  167
44 68 55  167
44 68 55  167
44 68 55  167
44 68 55  167
52 23 93  168
52 23 93  168
52 23 93  168
52 23 93  168
52 23 93  168
52 23 93  168
52 23 93  168
52 23 93  168
52 23 93  168
52 23 93  168
52 23 93  168
52 23 93  168
52 23 93  168
52 23 93  168
52 23 93  168
52 23 93  168
52 23 93  168
52 23 93  168
52 23 93  168
52 23 93  168
52 23 93  168
52 23 93  168
52 23 93  168
52 23 93  168
37 83 49  169
37 83 49  169
37 83 49  169
37 83 49  169
37 83 49  169
37 83 49  169
37 83 49  169
37 83 49  169
37 83 49  169
37 83 49  169
37 83 49  169
37 83 49  169
37 83 49  169
37 83 49  169
37 83 49  169
37 83 49  169
37 83 49  169
37 83 49  169
37 83 49  169
37 83 49  169
37 83 49  169
37 83 49  169
37 83 49  169
74 96 0  170
74 96 0  170
74 96 0  170
74 96 0  170
74 96 0  170
74 96 0  170
74 96 0  170
74 96 0  170
74 96 0  170
74 96 0  170
74 96 0  170
74 96 0  170
74 96 0  170
74 96 0  170
74 96 0  170
74 96 0  170
74 96 0  170
74 96 0  170
74 96 0  170
74 96 0  170
74 96 0  170
74 96 0  170
74 96 0  170
74 96 0  170
74 96 0  170
74 96 0  170
57 34 80  171
57 34 80  171
57 34 80  171
57 34 80  171
57 34 80  171
57 34 80  171
57 34 80  171
57 34 80  171
57 34 80  171
57 34 80  171
57 34 80  171
57 34 80  171
57 34 80  171
57 34 80  171
57 34 80  171
57 34 80  171
57 34 80  171
57 34 80  171
57 34 80  171
57 34 80  171
57 34 80  171
57 34 80  171
57 34 80  171
57 34 80  171
57 34 80  171
57 34 80  171
57 34 80  171
57 34 80  171
57 34 80  171
57 34 80  171
57 34 80  171
57 34 80  171
57 34 80  171
57 34 80  171
57 34 80  171
57 34 80  171
68 60 44  172
68 60 44  172
68 60 44  172
68 60 44  172
68 60 44  172
68 60 44  172
68 60 44  172
68 60 44  172
68 60 44  172
68 60 44  172
68 60 44  172
68 60 44  172
68 60 44  172
68 60 44  172
68 60 44  172
68 60 44  172
68 60 44  172
68 60 44  172
68 60 44  172
68 60 44  172
68 60 44  172
68 60 44  172
68 60 44  172
68 60 44  172
68 60 44  172
68 60 44  172
68 60 44  172
88 85 0  173
88 85 0  173
88 85 0  173
88 85 0  173
88 85 0  173
88 85 0  173
88 85 0  173
88 85 0  173
88 85 0  173
88 85 0  173
88 85 0  173
88 85 0  173
88 85 0  173
88 85 0  173
88 85 0  173
88 85 0  173
88 85 0  173
88 85 0  173
88 85 0  173
88 85 0  173
88 85 0  173
88 85 0  173
88 85 0  173
88 85 0  173
88 85 0  173
88 85 0  173
88 85 0  173
88 85 0  173
88 85 0  173
88 85 0  173
57 49 68  174
57 49 68  174
57 49 68  174
57 49 68  174
57 49 68  174
57 49 68  174
57 49 68  174
57 49 68  174
57 49 68  174
57 49 68  174
57 49 68  174
57 49 68  174
57 49 68  174
57 49 68  174
57 49 68  174
57 49 68  174
57 49 68  174
57 49 68  174
57 49 68  174
57 49 68  174
57 49 68  174
57 49 68  174
57 49 68  174
57 49 68  174
57 49 68  174
57 49 68  174
57 49 68  174
57 49 68  174
57 49 68  174
57 49 68  174
41 69 65  175
41 69 65  175
41 69 65  175
41 69 65  175
41 69 65  175
41 69 65  175
41 69 65  175
41 69 65  175
41 69 65  175
41 69 65  175
41 69 65  175
41 69 65  175
41 69 65  175
41 69 65  175
41 69 65  175
41 69 65  175
41 69 65  175
41 69 65  175
41 69 65  175
41 69 65  175
41 69 65  175
41 69 65  175
41 69 65  175
41 69 65  175
41 69 65  175
41 69 65  175
41 69 65  175
41 69 65  175
41 69 65  175
24 68 84  176
24 68 84  176
24 68 84  176
24 68 84  176
24 68 84  176
24 68 84  176
24 68 84  176
24 68 84  176
24 68 84  176
24 68 84  176
24 68 84  176
24 68 84  176
24 68 84  176
24 68 84  176
24 68 84  176
24 68 84  176
24 68 84  176
24 68 84  176
24 68 84  176
24 68 84  176
24 68 84  176
24 68 84  176
24 68 84  176
24 68 84  176
24 68 84  176
24 68 84  176
24 68 84  176
24 68 84  176
24 68 84  176
24 68 84  176
79 40 58  177
79 40 58  177
79 40 58  177
79 40 58  177
79 40 58  177
79 40 58  177
79 40 58  177
79 40 58  177
79 40 58  177
79 40 58  177
79 40 58  177
79 40 58  177
79 40 58  177
79 40 58  177
79 40 58  177
79 40 58  177
79 40 58  177
86 41 51  178
86 41 51  178
86 41 51  178
86 41 51  178
86 41 51  178
86 41 51  178
86 41 51  178
86 41 51  178
86 41 51  178
86 41 51  178
86 41 51  178
86 41 51  178
86 41 51  178
86 41 51  178
86 41 51  178
86 41 51  178
86 41 51  178
86 41 51  178
86 41 51  178
65 61 53  179
65 61 53  179
65 61 53  179
65 61 53  179
65 61 53  179
65 61 53  179
65 61 53  179
65 61 53  179
65 61 53  179
65 61 53  179
65 61 53  179
65 61 53  179
65 61 53  179
65 61 53  179
65 61 53  179
65 61 53  179
65 61 53  179
65 61 53  179
65 61 53  179
65 61 53  179
65 61 53  179
65 61 53  179
65 61 53  179
65 61 53  179
65 61 53  179
65 61 53  179
65 61 53  179
65 61 53  179
65 61 53  179
65 61 53  179
65 61 53  179
87 25 68  180
87 25 68  180
87 25 68  180
87 25 68  180
87 25 68  180
87 25 68  180
87 25 68  180
87 25 68  180
87 25 68  180
87 25 68  180
87 25 68  180
87 25 68  180
87 25 68  180
87 25 68  180
87 25 68  180
87 25 68  180
87 25 68  180
87 25 68  180
87 25 68  180
87 25 68  180
87 25 68  180
87 25 68  180
87 25 68  180
87 25 68  180
87 25 68  180
87 25 68  180
87 25 68  180
87 25 68  180
87 25 68  180
87 25 68  180
97 79 5  181
97 79 5  181
97 79 5  181
97 79 5  181
97 79 5  181
97 79 5  181
97 79 5  181
97 79 5  181
97 79 5  181
97 79 5  181
97 79 5  181
97 79 5  181
97 79 5  181
97 79 5  181
97 79 5  181
97 79 5  181
97 79 5  181
97 79 5  181
97 79 5  181
97 79 5  181
97 79 5  181
15 76 91  182
15 76 91  182
15 76 91  182
15 76 91  182
15 76 91  182
15 76 91  182
15 76 91  182
15 76 91  182
15 76 91  182
15 76 91  182
15 76 91  182
15 76 91  182
15 76 91  182
15 76 91  182
15 76 91  182
15 76 91  182
15 76 91  182
15 76 91  182
15 76 91  182
15 76 91  182
15 76 91  182
15 76 91  182
15 76 91  182
15 76 91  182
67 61 55  183
67 61 55  183
67 61 55  183
67 61 55  183
67 61 55  183
67 61 55  183
67 61 55  183
67 61 55  183
67 61 55  183
67 61 55  183
67 61 55  183
67 61 55  183
67 61 55  183
67 61 55  183
67 61 55  183
67 61 55  183
67 61 55  183
67 61 55  183
67 61 55  183
67 61 55  183
61 69 54  184
61 69 54  184
61 69 54  184
61 69 54  184
61 69 54  184
61 69 54  184
61 69 54  184
61 69 54  184
61 69 54  184
61 69 54  184
61 69 54  184
61 69 54  184
61 69 54  184
61 69 54  184
61 69 54  184
61 69 54  184
61 69 54  184
58 46 81  185
58 46 81  185
58 46 81  185
58 46 81  185
58 46 81  185
58 46 81  185
58 46 81  185
58 46 81  185
58 46 81  185
58 46 81  185
58 46 81  185
58 46 81  185
58 46 81  185
58 46 81  185
58 46 81  185
58 46 81  185
58 46 81  185
58 46 81  185
58 46 81  185
58 46 81  185
58 46 81  185
84 16 86  186
84 16 86  186
84 16 86  186
84 16 86  186
84 16 86  186
84 16 86  186
84 16 86  186
84 16 86  186
84 16 86  186
84 16 86  186
84 16 86  186
84 16 86  186
84 16 86  186
84 16 86  186
84 16 86  186
84 16 86  186
84 16 86  186
84 16 86  186
84 16 86  186
84 16 86  186
84 16 86  186
19 74 94  187
19 74 94  187
19 74 94  187
19 74 94  187
19 74 94  187
19 74 94  187
19 74 94  187
19 74 94  187
19 74 94  187
19 74 94  187
19 74 94  187
19 74 94  187
19 74 94  187
19 74 94  187
19 74 94  187
19 74 94  187
19 74 94  187
19 74 94  187
19 74 94  187
19 74 94  187
19 74 94  187
19 74 94  187
19 74 94  187
19 74 94  187
90 44 54  188
90 44 54  188
90 44 54  188
90 44 54  188
90 44 54  188
90 44 54  188
90 44 54  188
90 44 54  188
90 44 54  188
90 44 54  188
90 44 54  188
90 44 54  188
90 44 54  188
90 44 54  188
90 44 54  188
90 44 54  188
90 44 54  188
90 44 54  188
90 44 54  188
90 44 54  188
90 44 54  188
58 65 66  189
58 65 66  189
58 65 66  189
58 65 66  189
58 65 66  189
58 65 66  189
58 65 66  189
58 65 66  189
58 65 66  189
58 65 66  189
58 65 66  189
58 65 66  189
58 65 66  189
58 65 66  189
58 65 66  189
58 65 66  189
58 65 66  189
58 65 66  189
58 65 66  189
58 65 66  189
58 65 66  189
58 65 66  189
58 65 66  189
58 65 66  189
58 65 66  189
58 65 66  189
88 26 76  190
88 26 76  190
88 26 76  190
88 26 76  190
88 26 76  190
88 26 76  190
88 26 76  190
88 26 76  190
88 26 76  190
88 26 76  190
88 26 76  190
88 26 76  190
88 26 76  190
88 26 76  190
88 26 76  190
88 26 76  190
88 26 76  190
88 26 76  190
88 26 76  190
88 26 76  190
88 26 76  190
88 26 76  190
88 26 76  190
88 26 76  190
88 26 76  190
88 26 76  190
88 26 76  190
88 26 76  190
33 91 67  191
33 91 67  191
33 91 67  191
33 91 67  191
33 91 67  191
33 91 67  191
33 91 67  191
33 91 67  191
33 91 67  191
33 91 67  191
33 91 67  191
33 91 67  191
33 91 67  191
33 91 67  191
33 91 67  191
33 91 67  191
33 91 67  191
33 91 67  191
33 91 67  191
33 91 67  191
86 81 25  192
86 81 25  192
86 81 25  192
86 81 25  192
86 81 25  192
86 81 25  192
86 81 25  192
86 81 25  192
86 81 25  192
86 81 25  192
86 81 25  192
86 81 25  192
86 81 25  192
86 81 25  192
86 81 25  192
86 81 25  192
86 81 25  192
86 81 25  192
86 81 25  192
86 81 25  192
86 81 25  192
86 81 25  192
86 81 25  192
86 81 25  192
86 81 25  192
86 81 25  192
86 81 25  192
86 81 25  192
86 81 25  192
86 81 25  192
86 81 25  192
86 81 25  192
86 81 25  192
95 50 48  193
95 50 48  193
95 50 48  193
95 50 48  193
95 50 48  193
95 50 48  193
95 50 48  193
95 50 48  193
95 50 48  193
95 50 48  193
95 50 48  193
95 50 48  193
95 50 48  193
95 50 48  193
95 50 48  193
95 50 48  193
95 50 48  193
95 50 48  193
95 50 48  193
95 50 48  193
95 50 48  193
95 50 48  193
95 50 48  193
95 50 48  193
95 50 48  193
95 50 48  193
95 50 48  193
91 50 53  194
91 50 53  194
91 50 53  194
91 50 53  194
91 50 53  194
91 50 53  194
91 50 53  194
91 50 53  194
91 50 53  194
91 50 53  194
91 50 53  194
91 50 53  194
91 50 53  194
91 50 53  194
91 50 53  194
91 50 53  194
91 50 53  194
91 50 53  194
91 50 53  194
91 50 53  194
19 89 87  195
19 89 87  195
19 89 87  195
19 89 87  195
19 89 87  195
19 89 87  195
19 89 87  195
19 89 87  195
19 89 87  195
19 89 87  195
19 89 87  195
19 89 87  195
19 89 87  195
19 89 87  195
19 89 87  195
64 39 93  196
64 39 93  196
64 39 93  196
64 39 93  196
64 39 93  196
64 39 93  196
64 39 93  196
64 39 93  196
64 39 93  196
64 39 93  196
64 39 93  196
64 39 93  196
64 39 93  196
64 39 93  196
64 39 93  196
64 39 93  196
64 39 93  196
64 39 93  196
64 39 93  196
64 39 93  196
64 39 93  196
88 80 29  197
88 80 29  197
88 80 29  197
88 80 29  197
88 80 29  197
88 80 29  197
88 80 29  197
88 80 29  197
88 80 29  197
88 80 29  197
88 80 29  197
88 80 29  197
88 80 29  197
88 80 29  197
88 80 29  197
88 80 29  197
88 80 29  197
90 91 17  198
90 91 17  198
90 91 17  198
90 91 17  198
90 91 17  198
90 91 17  198
90 91 17  198
90 91 17  198
90 91 17  198
90 91 17  198
90 91 17  198
90 91 17  198
90 91 17  198
50 90 59  199
50 90 59  199
50 90 59  199
50 90 59  199
50 90 59  199
50 90 59  199
50 90 59  199
50 90 59  199
50 90 59  199
50 90 59  199
50 90 59  199
50 90 59  199
50 90 59  199
50 90 59  199
24 81 95  200
24 81 95  200
24 81 95  200
24 81 95  200
24 81 95  200
24 81 95  200
24 81 95  200
24 81 95  200
24 81 95  200
24 81 95  200
24 81 95  200
24 81 95  200
24 81 95  200
24 81 95  200
24 81 95  200
24 81 95  200
24 81 95  200
24 81 95  200
24 81 95  200
24 81 95  200
24 81 95  200
92 73 36  201
92 73 36  201
92 73 36  201
92 73 36  201
92 73 36  201
92 73 36  201
92 73 36  201
92 73 36  201
92 73 36  201
92 73 36  201
92 73 36  201
92 73 36  201
92 73 36  201
92 73 36  201
92 73 36  201
74 82 46  202
74 82 46  202
74 82 46  202
74 82 46  202
74 82 46  202
74 82 46  202
74 82 46  202
74 82 46  202
74 82 46  202
74 82 46  202
74 82 46  202
74 82 46  202
74 82 46  202
74 82 46  202
74 82 46  202
74 82 46  202
74 82 46  202
74 82 46  202
92 87 24  203
92 87 24  203
92 87 24  203
92 87 24  203
92 87 24  203
92 87 24  203
92 87 24  203
92 87 24  203
92 87 24  203
92 87 24  203
92 87 24  203
92 87 24  203
92 87 24  203
92 87 24  203
92 87 24  203
92 87 24  203
92 87 24  203
92 87 24  203
92 87 24  203
92 87 24  203
92 87 24  203
81 93 30  204
81 93 30  204
81 93 30  204
81 93 30  204
81 93 30  204
81 93 30  204
81 93 30  204
81 93 30  204
81 93 30  204
81 93 30  204
81 93 30  204
81 93 30  204
81 93 30  204
81 93 30  204
81 93 30  204
81 93 30  204
81 93 30  204
81 93 30  204
81 93 30  204
81 93 30  204
81 93 30  204
79 70 56  205
79 70 56  205
79 70 56  205
79 70 56  205
79 70 56  205
79 70 56  205
79 70 56  205
79 70 56  205
79 70 56  205
79 70 56  205
79 70 56  205
79 70 56  205
79 70 56  205
79 70 56  205
79 70 56  205
79 70 56  205
79 70 56  205
79 70 56  205
69 51 86  206
69 51 86  206
69 51 86  206
69 51 86  206
69 51 86  206
69 51 86  206
69 51 86  206
69 51 86  206
69 51 86  206
69 51 86  206
69 51 86  206
69 51 86  206
69 51 86  206
69 51 86  206
75 79 53  207
75 79 53  207
75 79 53  207
75 79 53  207
75 79 53  207
75 79 53  207
75 79 53  207
75 79 53  207
75 79 53  207
75 79 53  207
91 66 51  208
91 66 51  208
91 66 51  208
91 66 51  208
91 66 51  208
91 66 51  208
91 66 51  208
91 66 51  208
91 66 51  208
91 66 51  208
91 66 51  208
91 66 51  208
91 66 51  208
91 66 51  208
91 66 51  208
91 66 51  208
91 66 51  208
91 66 51  208
91 66 51  208
91 66 51  208
91 66 51  208
86 32 91  209
86 32 91  209
86 32 91  209
86 32 91  209
86 32 91  209
86 32 91  209
86 32 91  209
86 32 91  209
86 32 91  209
86 32 91  209
86 32 91  209
86 32 91  209
86 32 91  209
86 32 91  209
86 32 91  209
60 61 89  210
60 61 89  210
60 61 89  210
60 61 89  210
60 61 89  210
60 61 89  210
60 61 89  210
60 61 89  210
60 61 89  210
60 61 89  210
60 61 89  210
60 61 89  210
60 61 89  210
66 67 78  211
66 67 78  211
66 67 78  211
66 67 78  211
66 67 78  211
66 67 78  211
66 67 78  211
66 67 78  211
66 67 78  211
66 67 78  211
66 67 78  211
66 67 78  211
66 67 78  211
66 67 78  211
66 67 78  211
66 67 78  211
66 67 78  211
82 88 42  212
82 88 42  212
82 88 42  212
82 88 42  212
82 88 42  212
82 88 42  212
82 88 42  212
82 88 42  212
82 88 42  212
82 88 42  212
82 88 42  212
82 88 42  212
82 88 42  212
82 88 42  212
39 98 76  213
39 98 76  213
39 98 76  213
39 98 76  213
39 98 76  213
39 98 76  213
39 98 76  213
39 98 76  213
39 98 76  213
46 90 78  214
46 90 78  214
46 90 78  214
46 90 78  214
46 90 78  214
46 90 78  214
46 90 78  214
46 90 78  214
46 90 78  214
46 90 78  214
46 90 78  214
46 90 78  214
46 90 78  214
46 90 78  214
62 71 82  215
62 71 82  215
62 71 82  215
62 71 82  215
62 71 82  215
62 71 82  215
62 71 82  215
62 71 82  215
62 71 82  215
62 71 82  215
62 71 82  215
62 71 82  215
62 71 82  215
44 80 92  216
44 80 92  216
44 80 92  216
44 80 92  216
44 80 92  216
44 80 92  216
44 80 92  216
44 80 92  216
44 80 92  216
44 80 92  216
44 80 92  216
44 80 92  216
91 71 55  217
91 71 55  217
91 71 55  217
91 71 55  217
91 71 55  217
91 71 55  217
91 71 55  217
91 71 55  217
91 71 55  217
91 71 55  217
91 71 55  217
83 92 43  218
83 92 43  218
83 92 43  218
83 92 43  218
83 92 43  218
83 92 43  218
83 92 43  218
83 92 43  218
83 92 43  218
83 92 43  218
83 92 43  218
83 92 43  218
83 92 43  218
83 92 43  218
65 83 71  219
65 83 71  219
65 83 71  219
65 83 71  219
65 83 71  219
65 83 71  219
65 83 71  219
65 83 71  219
65 83 71  219
65 83 71  219
65 83 71  219
89 64 67  220
89 64 67  220
89 64 67  220
89 64 67  220
89 64 67  220
89 64 67  220
89 64 67  220
89 64 67  220
71 57 93  221
71 57 93  221
71 57 93  221
71 57 93  221
71 57 93  221
71 57 93  221
71 57 93  221
71 57 93  221
71 57 93  221
41 88 93  222
41 88 93  222
41 88 93  222
41 88 93  222
41 88 93  222
41 88 93  222
41 88 93  222
41 88 93  222
61 96 66  223
61 96 66  223
61 96 66  223
61 96 66  223
61 96 66  223
61 96 66  223
61 96 66  223
61 96 66  223
61 96 66  223
61 96 66  223
61 96 66  223
61 96 66  223
61 96 66  223
61 96 66  223
62 95 67  224
62 95 67  224
62 95 67  224
62 95 67  224
62 95 67  224
62 95 67  224
62 95 67  224
62 95 67  224
56 91 78  225
56 91 78  225
56 91 78  225
56 91 78  225
56 91 78  225
56 91 78  225
56 91 78  225
56 91 78  225
56 91 78  225
56 91 78  225
56 91 78  225
56 91 78  225
56 91 78  225
44 97 85  226
44 97 85  226
44 97 85  226
44 97 85  226
44 97 85  226
44 97 85  226
44 97 85  226
44 97 85  226
44 97 85  226
73 92 62  227
73 92 62  227
73 92 62  227
73 92 62  227
73 92 62  227
73 92 62  227
73 92 62  227
73 92 62  227
73 92 62  227
73 92 62  227
73 92 62  227
73 92 62  227
73 92 62  227
69 61 98  228
69 61 98  228
69 61 98  228
69 61 98  228
69 61 98  228
69 61 98  228
69 61 98  228
69 61 98  228
69 61 98  228
69 61 98  228
69 61 98  228
45 89 95  229
45 89 95  229
45 89 95  229
45 89 95  229
45 89 95  229
45 89 95  229
45 89 95  229
45 89 95  229
45 89 95  229
45 89 95  229
45 89 95  229
45 89 95  229
87 94 49  230
87 94 49  230
87 94 49  230
87 94 49  230
87 94 49  230
87 94 49  230
87 94 49  230
87 94 49  230
87 94 49  230
76 66 89  231
76 66 89  231
76 66 89  231
76 66 89  231
76 66 89  231
70 95 67  232
70 95 67  232
70 95 67  232
70 95 67  232
70 95 67  232
70 95 67  232
70 95 67  232
70 95 67  232
70 95 67  232
70 95 67  232
70 95 67  232
70 95 67  232
72 63 98  233
72 63 98  233
72 63 98  233
72 63 98  233
72 63 98  233
95 63 76  234
95 63 76  234
95 63 76  234
95 63 76  234
95 63 76  234
95 63 76  234
95 63 76  234
95 63 76  234
80 87 68  235
80 87 68  235
80 87 68  235
80 87 68  235
80 87 68  235
93 77 66  236
93 77 66  236
93 77 66  236
93 77 66  236
74 69 94  237
74 69 94  237
74 69 94  237
74 69 94  237
74 69 94  237
74 69 94  237
74 69 94  237
74 69 94  237
70 81 87  238
70 81 87  238
70 81 87  238
97 87 55  239
97 87 55  239
97 87 55  239
97 87 55  239
97 87 55  239
97 87 55  239
97 87 55  239
97 87 55  239
97 87 55  239
97 87 55  239
89 63 88  240
89 63 88  240
89 63 88  240
89 63 88  240
89 63 88  240
89 63 88  240
89 63 88  240
75 82 84  241
75 82 84  241
75 82 84  241
75 82 84  241
75 82 84  241
75 82 84  241
75 82 84  241
75 82 84  241
75 82 84  241
75 82 84  241
81 87 74  242
81 87 74  242
81 87 74  242
81 87 74  242
81 87 74  242
81 87 74  242
81 87 74  242
81 87 74  242
81 87 74  242
81 87 74  242
93 82 68  243
93 82 68  243
93 82 68  243
93 82 68  243
93 82 68  243
93 82 68  243
87 59 98  244
87 59 98  244
87 59 98  244
87 59 98  244
87 59 98  244
86 70 89  245
86 70 89  245
86 70 89  245
86 70 89  245
89 81 76  246
89 81 76  246
89 81 76  246
89 81 76  246
89 81 76  246
89 81 76  246
89 81 76  246
89 81 76  246
89 81 76  246
89 81 76  246
78 80 89  247
78 80 89  247
78 80 89  247
91 62 95  248
91 62 95  248
91 62 95  248
91 62 95  248
88 68 93  249
88 68 93  249
88 68 93  249
75 89 86  250
75 89 86  250
75 89 86  250
75 89 86  250
75 89 86  250
75 89 86  250
94 65 92  251
85 86 81  252
85 86 81  252
85 86 81  252
84 91 78  253
84 91 78  253
84 91 78  253
84 91 78  253
85 90 79  254
85 90 79  254
90 92 73  255
90 92 73  255
91 78 87  256
91 78 87  256
73 86 98  257
73 86 98  257
73 86 98  257
71 90 97  258
71 90 97  258
71 90 97  258
97 72 90  259
97 72 90  259
94 76 90  260
92 72 97  261
92 72 97  261
93 92 81  266
85 96 86  267
91 92 85  268
93 92 85  270
96 80 98  274
95 87 94  276
88 91 98  277
98 88 92  278
92 95 93  280
92 95 93  280
92 98 94  284
