11 4 0	15
2 10 9	21
15 0 8	23
24 1 2	27
11 4 13	28
11 8 10	29
11 8 10	29
3 23 5	31
3 23 5	31
19 3 11	33
13 4 17	34
2 35 1	38
7 10 23	40
7 10 23	40
16 5 22	43
16 23 5	44
0 30 15	45
0 30 15	45
0 30 15	45
22 20 4	46
22 20 4	46
0 2 45	47
4 17 29	50
20 18 13	51
39 3 10	52
39 3 10	52
39 3 10	52
42 0 11	53
25 10 19	54
5 26 24	55
25 11 20	56
25 11 20	56
25 11 20	56
41 5 11	57
11 18 30	59
11 18 30	59
53 3 4	60
14 41 6	61
13 12 37	62
13 12 37	62
13 12 37	62
13 12 37	62
13 12 37	62
13 12 37	62
13 12 37	62
12 15 36	63
4 54 6	64
4 54 6	64
6 47 12	65
6 47 12	65
3 42 22	67
11 15 42	68
11 15 42	68
3 20 46	69
3 20 46	69
3 20 46	69
3 26 41	70
3 26 41	70
39 10 22	71
39 10 22	71
39 10 22	71
11 35 26	72
17 20 36	73
17 20 36	73
0 25 49	74
0 35 40	75
0 35 40	75
0 35 40	75
0 35 40	75
0 35 40	75
27 10 39	76
27 10 39	76
27 10 39	76
3 70 4	77
3 70 4	77
4 50 24	78
4 50 24	78
4 50 24	78
4 50 24	78
4 50 24	78
4 50 24	78
8 4 67	79
8 4 67	79
8 4 67	79
8 4 67	79
8 4 67	79
14 36 30	80
14 36 30	80
7 21 53	81
7 21 53	81
7 21 53	81
7 21 53	81
7 21 53	81
7 21 53	81
80 2 0	82
80 2 0	82
0 2 81	83
0 2 81	83
0 2 81	83
0 2 81	83
37 8 40	85
37 8 40	85
37 8 40	85
30 41 15	86
30 41 15	86
45 19 23	87
45 19 23	87
24 47 17	88
24 47 17	88
24 47 17	88
24 47 17	88
24 47 17	88
24 47 17	88
26 45 18	89
26 45 18	89
26 45 18	89
26 45 18	89
26 45 18	89
26 45 18	89
45 29 16	90
45 29 16	90
45 29 16	90
45 29 16	90
31 35 25	91
31 35 25	91
31 35 25	91
31 35 25	91
31 35 25	91
31 35 25	91
28 41 23	92
28 41 23	92
28 41 23	92
28 41 23	92
9 30 54	93
9 30 54	93
9 30 54	93
9 30 54	93
9 30 54	93
9 30 54	93
9 30 54	93
9 30 54	93
41 34 19	94
41 34 19	94
41 34 19	94
41 34 19	94
41 34 19	94
7 14 74	95
51 14 31	96
51 14 31	96
51 14 31	96
51 14 31	96
51 14 31	96
32 13 52	97
32 13 52	97
32 13 52	97
32 13 52	97
3 67 28	98
3 67 28	98
3 67 28	98
3 67 28	98
3 67 28	98
27 34 38	99
27 34 38	99
27 34 38	99
27 34 38	99
27 34 38	99
27 34 38	99
27 34 38	99
27 34 38	99
72 26 2	100
72 26 2	100
72 26 2	100
72 26 2	100
72 26 2	100
72 26 2	100
74 20 7	101
74 20 7	101
74 20 7	101
74 20 7	101
74 20 7	101
3 89 10	102
3 89 10	102
3 89 10	102
3 89 10	102
20 42 41	103
20 42 41	103
20 42 41	103
20 42 41	103
20 42 41	103
20 42 41	103
20 42 41	103
20 42 41	103
20 42 41	103
20 42 41	103
36 1 67	104
36 1 67	104
36 1 67	104
36 1 67	104
36 1 67	104
91 12 2	105
91 12 2	105
91 12 2	105
91 12 2	105
25 3 78	106
25 3 78	106
25 3 78	106
25 3 78	106
2 26 79	107
2 26 79	107
2 26 79	107
2 26 79	107
71 34 3	108
71 34 3	108
71 34 3	108
71 34 3	108
71 34 3	108
71 34 3	108
71 34 3	108
71 34 3	108
71 34 3	108
71 34 3	108
71 34 3	108
71 34 3	108
75 33 1	109
75 33 1	109
75 33 1	109
75 33 1	109
75 33 1	109
75 33 1	109
75 33 1	109
75 33 1	109
83 21 6	110
83 21 6	110
83 21 6	110
83 21 6	110
83 21 6	110
22 70 19	111
22 70 19	111
22 70 19	111
22 70 19	111
22 70 19	111
24 10 78	112
24 10 78	112
24 10 78	112
24 10 78	112
24 10 78	112
24 10 78	112
24 10 78	112
24 10 78	112
24 10 78	112
24 28 61	113
24 28 61	113
24 28 61	113
24 28 61	113
24 28 61	113
24 28 61	113
24 28 61	113
24 28 61	113
12 62 40	114
12 62 40	114
12 62 40	114
12 62 40	114
12 62 40	114
12 62 40	114
70 20 25	115
70 20 25	115
70 20 25	115
80 29 7	116
80 29 7	116
30 38 49	117
30 38 49	117
30 38 49	117
30 38 49	117
30 38 49	117
30 38 49	117
30 38 49	117
30 38 49	117
30 38 49	117
18 70 30	118
18 70 30	118
18 70 30	118
18 70 30	118
18 70 30	118
18 70 30	118
18 70 30	118
30 35 54	119
30 35 54	119
30 35 54	119
30 35 54	119
30 35 54	119
30 35 54	119
30 35 54	119
30 35 54	119
30 35 54	119
30 35 54	119
30 35 54	119
30 35 54	119
30 35 54	119
80 6 34	120
80 6 34	120
80 6 34	120
80 6 34	120
80 6 34	120
80 6 34	120
80 6 34	120
80 6 34	120
80 6 34	120
80 6 34	120
80 6 34	120
80 6 34	120
69 16 36	121
69 16 36	121
69 16 36	121
69 16 36	121
69 16 36	121
69 16 36	121
69 16 36	121
69 16 36	121
56 63 3	122
56 63 3	122
56 63 3	122
56 63 3	122
56 63 3	122
56 63 3	122
56 63 3	122
56 63 3	122
11 21 91	123
11 21 91	123
11 21 91	123
11 21 91	123
11 21 91	123
11 21 91	123
11 21 91	123
11 21 91	123
11 21 91	123
11 21 91	123
11 21 91	123
9 95 20	124
9 95 20	124
9 95 20	124
9 95 20	124
9 95 20	124
9 95 20	124
9 95 20	124
9 95 20	124
9 95 20	124
9 95 20	124
47 44 34	125
47 44 34	125
47 44 34	125
47 44 34	125
47 44 34	125
61 23 42	126
61 23 42	126
61 23 42	126
61 23 42	126
61 23 42	126
17 98 12	127
17 98 12	127
17 98 12	127
17 98 12	127
17 98 12	127
17 98 12	127
17 98 12	127
44 54 30	128
44 54 30	128
44 54 30	128
44 54 30	128
44 54 30	128
44 54 30	128
58 40 31	129
58 40 31	129
58 40 31	129
58 40 31	129
58 40 31	129
58 40 31	129
58 40 31	129
58 40 31	129
17 70 43	130
17 70 43	130
17 70 43	130
17 70 43	130
17 70 43	130
17 70 43	130
17 70 43	130
17 70 43	130
19 98 14	131
19 98 14	131
42 69 21	132
42 69 21	132
42 69 21	132
42 69 21	132
42 69 21	132
42 69 21	132
42 69 21	132
21 75 37	133
21 75 37	133
21 75 37	133
21 75 37	133
21 75 37	133
21 75 37	133
21 75 37	133
21 75 37	133
21 75 37	133
21 75 37	133
77 40 17	134
77 40 17	134
77 40 17	134
77 40 17	134
77 40 17	134
77 40 17	134
77 40 17	134
24 91 20	135
24 91 20	135
24 91 20	135
24 91 20	135
24 91 20	135
24 91 20	135
58 52 26	136
58 52 26	136
58 52 26	136
58 52 26	136
58 52 26	136
58 52 26	136
58 52 26	136
94 27 16	137
94 27 16	137
94 27 16	137
7 57 74	138
7 57 74	138
7 57 74	138
7 57 74	138
7 57 74	138
7 57 74	138
63 14 62	139
63 14 62	139
63 14 62	139
63 14 62	139
19 51 70	140
19 51 70	140
19 51 70	140
19 51 70	140
19 51 70	140
19 51 70	140
19 51 70	140
19 51 70	140
40 65 36	141
40 65 36	141
40 65 36	141
40 65 36	141
40 65 36	141
40 65 36	141
40 65 36	141
61 67 14	142
61 67 14	142
61 67 14	142
61 67 14	142
61 67 14	142
61 67 14	142
32 42 69	143
32 42 69	143
32 42 69	143
32 42 69	143
32 42 69	143
32 42 69	143
32 42 69	143
32 42 69	143
32 42 69	143
32 42 69	143
32 42 69	143
86 7 51	144
86 7 51	144
86 7 51	144
86 7 51	144
86 7 51	144
86 7 51	144
86 7 51	144
86 7 51	144
86 7 51	144
32 20 93	145
32 20 93	145
32 20 93	145
32 20 93	145
32 20 93	145
86 4 56	146
86 4 56	146
86 4 56	146
86 4 56	146
43 34 70	147
43 34 70	147
43 34 70	147
43 34 70	147
43 34 70	147
43 34 70	147
43 34 70	147
43 34 70	147
43 34 70	147
5 86 57	148
5 86 57	148
5 86 57	148
5 86 57	148
20 86 43	149
20 86 43	149
20 86 43	149
20 86 43	149
20 86 43	149
87 16 47	150
87 16 47	150
87 16 47	150
87 16 47	150
87 16 47	150
87 16 47	150
87 16 47	150
87 16 47	150
87 16 47	150
58 20 73	151
58 20 73	151
58 20 73	151
58 20 73	151
58 20 73	151
58 20 73	151
58 20 73	151
92 20 40	152
92 20 40	152
92 20 40	152
92 20 40	152
92 20 40	152
92 20 40	152
92 20 40	152
75 51 27	153
75 51 27	153
75 51 27	153
75 51 27	153
81 28 45	154
81 28 45	154
81 28 45	154
81 28 45	154
81 28 45	154
81 28 45	154
61 77 17	155
61 77 17	155
61 77 17	155
61 77 17	155
61 77 17	155
61 77 17	155
61 77 17	155
61 77 17	155
61 77 17	155
35 44 77	156
35 44 77	156
35 44 77	156
35 44 77	156
35 44 77	156
35 44 77	156
35 44 77	156
35 44 77	156
35 44 77	156
87 55 15	157
87 55 15	157
87 55 15	157
87 55 15	157
87 55 15	157
87 55 15	157
89 48 21	158
89 48 21	158
89 48 21	158
89 48 21	158
89 48 21	158
89 48 21	158
89 48 21	158
89 48 21	158
89 48 21	158
89 48 21	158
12 51 96	159
12 51 96	159
12 51 96	159
66 10 84	160
66 10 84	160
66 10 84	160
66 10 84	160
66 10 84	160
66 10 84	160
66 10 84	160
66 10 84	160
66 10 84	160
95 31 35	161
95 31 35	161
95 31 35	161
95 31 35	161
95 31 35	161
95 31 35	161
95 31 35	161
95 31 35	161
95 31 35	161
95 31 35	161
95 31 35	161
95 31 35	161
95 31 35	161
95 50 17	162
95 50 17	162
95 50 17	162
95 50 17	162
95 50 17	162
95 50 17	162
95 50 17	162
95 50 17	162
95 50 17	162
95 50 17	162
95 50 17	162
71 41 51	163
71 41 51	163
71 41 51	163
71 41 51	163
71 41 51	163
96 61 7	164
96 61 7	164
96 61 7	164
96 61 7	164
96 61 7	164
96 61 7	164
96 61 7	164
96 61 7	164
17 77 71	165
17 77 71	165
17 77 71	165
17 77 71	165
17 77 71	165
17 77 71	165
17 77 71	165
17 77 71	165
80 59 27	166
80 59 27	166
80 59 27	166
80 59 27	166
80 59 27	166
80 59 27	166
80 59 27	166
80 59 27	166
55 26 86	167
55 26 86	167
55 26 86	167
55 26 86	167
55 26 86	167
55 26 86	167
55 26 86	167
11 84 73	168
11 84 73	168
11 84 73	168
11 84 73	168
11 84 73	168
77 5 87	169
77 5 87	169
77 5 87	169
77 5 87	169
77 5 87	169
77 5 87	169
77 5 87	169
58 71 41	170
58 71 41	170
58 71 41	170
58 71 41	170
58 71 41	170
58 71 41	170
58 71 41	170
35 75 61	171
35 75 61	171
35 75 61	171
35 75 61	171
35 75 61	171
35 75 61	171
35 75 61	171
35 75 61	171
35 61 76	172
35 61 76	172
35 61 76	172
35 61 76	172
71 75 27	173
71 75 27	173
71 75 27	173
71 75 27	173
71 75 27	173
71 75 27	173
71 75 27	173
71 75 27	173
71 75 27	173
84 14 76	174
84 14 76	174
84 14 76	174
84 14 76	174
24 91 60	175
24 91 60	175
24 91 60	175
24 91 60	175
24 91 60	175
24 91 60	175
24 91 60	175
24 91 60	175
24 91 60	175
75 82 19	176
75 82 19	176
75 82 19	176
75 82 19	176
75 82 19	176
75 82 19	176
75 82 19	176
75 82 19	176
12 90 75	177
12 90 75	177
12 90 75	177
12 90 75	177
12 90 75	177
77 56 45	178
77 56 45	178
77 56 45	178
77 56 45	178
77 56 45	178
77 56 45	178
79 91 9	179
79 91 9	179
79 91 9	179
79 91 9	179
79 91 9	179
79 91 9	179
92 82 6	180
92 82 6	180
92 82 6	180
92 82 6	180
92 82 6	180
92 82 6	180
92 82 6	180
92 82 6	180
92 82 6	180
14 79 88	181
46 50 86	182
46 50 86	182
46 50 86	182
46 50 86	182
46 50 86	182
46 50 86	182
52 80 51	183
52 80 51	183
52 80 51	183
52 80 51	183
52 80 51	183
52 80 51	183
14 96 74	184
14 96 74	184
14 96 74	184
14 96 74	184
14 96 74	184
14 96 74	184
14 96 74	184
14 96 74	184
46 88 51	185
46 88 51	185
46 88 51	185
46 88 51	185
89 68 29	186
89 68 29	186
89 68 29	186
89 68 29	186
89 68 29	186
89 68 29	186
89 68 29	186
77 92 18	187
77 92 18	187
77 92 18	187
77 92 18	187
77 92 18	187
77 92 18	187
77 92 18	187
82 19 87	188
82 19 87	188
82 19 87	188
84 71 34	189
84 71 34	189
84 71 34	189
84 71 34	189
84 71 34	189
84 71 34	189
84 71 34	189
84 71 34	189
84 71 34	189
84 71 34	189
90 47 53	190
90 47 53	190
90 47 53	190
90 47 53	190
90 47 53	190
30 70 91	191
30 70 91	191
30 70 91	191
30 70 91	191
35 76 81	192
35 76 81	192
35 76 81	192
35 76 81	192
35 76 81	192
35 76 81	192
35 76 81	192
35 76 81	192
35 76 81	192
45 59 89	193
45 59 89	193
45 59 89	193
45 59 89	193
45 59 89	193
77 88 29	194
77 88 29	194
77 88 29	194
77 88 29	194
77 88 29	194
77 88 29	194
32 76 87	195
32 76 87	195
32 76 87	195
32 76 87	195
32 76 87	195
32 76 87	195
78 79 39	196
78 79 39	196
78 79 39	196
77 85 35	197
77 85 35	197
77 85 35	197
77 85 35	197
77 85 35	197
77 85 35	197
77 85 35	197
85 79 34	198
85 79 34	198
85 79 34	198
85 79 34	198
85 79 34	198
84 53 62	199
84 53 62	199
84 53 62	199
84 53 62	199
84 53 62	199
84 53 62	199
61 47 92	200
61 47 92	200
61 47 92	200
61 47 92	200
61 47 92	200
61 47 92	200
61 47 92	200
61 47 92	200
61 47 92	200
61 47 92	200
35 88 78	201
35 88 78	201
35 88 78	201
35 88 78	201
35 88 78	201
35 88 78	201
35 88 78	201
57 68 77	202
57 68 77	202
47 84 72	203
47 84 72	203
47 84 72	203
92 14 98	204
92 14 98	204
92 14 98	204
92 14 98	204
87 74 44	205
87 74 44	205
87 74 44	205
87 74 44	205
87 74 44	205
77 59 70	206
77 59 70	206
77 59 70	206
82 31 94	207
82 31 94	207
82 31 94	207
82 31 94	207
92 54 63	209
92 54 63	209
92 54 63	209
92 54 63	209
92 54 63	209
96 40 74	210
96 40 74	210
88 39 84	211
88 39 84	211
88 39 84	211
88 39 84	211
88 39 84	211
88 39 84	211
88 94 30	212
88 94 30	212
88 94 30	212
88 94 30	212
88 94 30	212
88 94 30	212
88 94 30	212
88 53 72	213
88 53 72	213
88 53 72	213
88 53 72	213
88 53 72	213
88 53 72	213
93 69 52	214
93 69 52	214
93 69 52	214
93 69 52	214
93 69 52	214
38 80 97	215
38 80 97	215
38 80 97	215
38 80 97	215
97 49 70	216
97 49 70	216
97 49 70	216
97 49 70	216
97 49 70	216
97 49 70	216
97 49 70	216
46 85 86	217
46 85 86	217
46 85 86	217
46 85 86	217
46 85 86	217
46 85 86	217
65 61 92	218
65 61 92	218
88 74 57	219
93 88 39	220
93 88 39	220
93 88 39	220
93 88 39	220
93 88 39	220
60 74 87	221
60 74 87	221
60 74 87	221
74 97 51	222
74 97 51	222
36 92 95	223
82 90 52	224
82 90 52	224
82 90 52	224
82 90 52	224
82 90 52	224
84 56 85	225
84 56 85	225
84 56 85	225
84 56 85	225
60 78 88	226
98 72 57	227
98 72 57	227
86 98 44	228
86 98 44	228
80 79 70	229
51 81 98	230
51 81 98	230
77 79 75	231
88 96 48	232
88 96 48	232
94 70 69	233
94 70 69	233
94 70 69	233
75 82 77	234
75 82 77	234
75 82 77	234
68 91 76	235
68 91 76	235
68 91 76	235
68 91 76	235
68 91 76	235
74 73 89	236
74 73 89	236
92 51 94	237
92 51 94	237
92 51 94	237
84 58 96	238
71 78 91	240
71 78 91	240
98 68 75	241
98 68 75	241
84 67 93	244
84 67 93	244
55 94 96	245
96 70 80	246
85 86 79	250
76 86 90	252
76 86 90	252
77 97 79	253
88 90 78	256
88 90 78	256
91 82 86	259
87 88 85	260
92 89 80	261
77 95 90	262
77 96 90	263
84 88 96	268
82 94 93	269
82 94 95	271
89 97 98	284
