3 7 0	10
4 2 6	12
4 8 3	15
3 5 8	16
8 4 6	18
8 4 6	18
11 6 2	19
11 6 2	19
14 1 5	20
0 1 20	21
0 1 20	21
0 18 6	24
8 11 7	26
8 11 7	26
8 11 7	26
8 11 7	26
22 4 2	28
18 11 0	29
18 11 0	29
9 19 2	30
9 17 5	31
12 17 3	32
12 17 3	32
0 8 25	33
0 8 25	33
0 8 25	33
20 14 0	34
20 14 0	34
20 14 0	34
17 15 3	35
17 15 3	35
17 15 3	35
17 15 3	35
13 0 23	36
13 0 23	36
1 3 33	37
16 17 5	38
16 17 5	38
0 10 29	39
0 10 29	39
0 10 29	39
0 10 29	39
1 39 0	40
21 5 15	41
21 5 15	41
21 5 15	41
28 7 8	43
28 7 8	43
28 7 8	43
28 7 8	43
28 7 8	43
28 7 8	43
0 42 2	44
0 42 2	44
0 42 2	44
0 42 2	44
0 42 2	44
1 36 8	45
1 36 8	45
1 36 8	45
1 36 8	45
1 36 8	45
1 36 8	45
6 27 13	46
6 27 13	46
6 27 13	46
6 27 13	46
6 27 13	46
6 27 13	46
6 27 13	46
6 27 13	46
30 5 12	47
30 5 12	47
30 5 12	47
30 5 12	47
10 34 4	48
10 34 4	48
10 34 4	48
10 34 4	48
5 14 30	49
5 14 30	49
5 14 30	49
5 14 30	49
5 14 30	49
32 0 18	50
32 0 18	50
32 0 18	50
14 15 22	51
14 15 22	51
14 15 22	51
39 1 12	52
39 1 12	52
39 1 12	52
39 1 12	52
39 1 12	52
39 1 12	52
39 1 12	52
39 1 12	52
8 5 40	53
8 5 40	53
8 5 40	53
8 5 40	53
8 5 40	53
8 5 40	53
8 5 40	53
8 5 40	53
8 5 40	53
1 33 20	54
1 33 20	54
1 33 20	54
1 33 20	54
1 33 20	54
1 33 20	54
1 33 20	54
1 33 20	54
13 32 10	55
13 32 10	55
13 32 10	55
13 32 10	55
13 32 10	55
13 32 10	55
13 32 10	55
13 32 10	55
13 32 10	55
5 38 13	56
5 38 13	56
5 38 13	56
5 38 13	56
36 12 9	57
36 12 9	57
36 12 9	57
36 12 9	57
16 22 20	58
16 22 20	58
16 22 20	58
16 22 20	58
16 22 20	58
16 22 20	58
16 22 20	58
9 39 11	59
9 39 11	59
9 39 11	59
9 39 11	59
9 39 11	59
9 39 11	59
9 39 11	59
9 39 11	59
13 25 22	60
13 25 22	60
13 25 22	60
13 25 22	60
13 25 22	60
13 25 22	60
13 25 22	60
13 25 22	60
7 53 1	61
7 53 1	61
7 53 1	61
7 53 1	61
7 53 1	61
7 53 1	61
7 53 1	61
7 53 1	61
7 53 1	61
11 10 41	62
11 10 41	62
11 10 41	62
11 10 41	62
11 10 41	62
11 10 41	62
11 10 41	62
14 15 34	63
14 15 34	63
14 15 34	63
14 15 34	63
14 15 34	63
14 15 34	63
14 15 34	63
14 15 34	63
14 15 34	63
54 2 8	64
54 2 8	64
54 2 8	64
54 2 8	64
54 2 8	64
54 2 8	64
54 2 8	64
52 1 12	65
52 1 12	65
52 1 12	65
52 1 12	65
52 1 12	65
0 61 5	66
0 61 5	66
0 61 5	66
0 61 5	66
0 61 5	66
19 40 8	67
19 40 8	67
19 40 8	67
19 40 8	67
19 40 8	67
19 40 8	67
19 40 8	67
19 40 8	67
19 40 8	67
35 0 33	68
35 0 33	68
35 0 33	68
35 0 33	68
35 0 33	68
35 0 33	68
35 0 33	68
35 0 33	68
43 24 2	69
43 24 2	69
43 24 2	69
43 24 2	69
43 24 2	69
43 24 2	69
43 24 2	69
43 24 2	69
43 24 2	69
43 24 2	69
43 24 2	69
43 24 2	69
43 24 2	69
43 24 2	69
43 24 2	69
43 24 2	69
34 12 24	70
34 12 24	70
34 12 24	70
34 12 24	70
34 12 24	70
34 12 24	70
34 12 24	70
34 12 24	70
34 12 24	70
34 12 24	70
34 12 24	70
34 12 24	70
34 12 24	70
42 22 7	71
42 22 7	71
42 22 7	71
42 22 7	71
42 22 7	71
42 22 7	71
42 22 7	71
42 22 7	71
8 50 14	72
8 50 14	72
8 50 14	72
8 50 14	72
8 50 14	72
8 50 14	72
8 50 14	72
8 50 14	72
8 50 14	72
8 50 14	72
29 27 17	73
29 27 17	73
29 27 17	73
29 27 17	73
29 27 17	73
29 27 17	73
29 27 17	73
29 27 17	73
29 27 17	73
29 27 17	73
29 27 17	73
29 27 17	73
17 39 18	74
17 39 18	74
17 39 18	74
17 39 18	74
17 39 18	74
17 39 18	74
17 39 18	74
17 39 18	74
17 39 18	74
17 39 18	74
17 39 18	74
17 39 18	74
17 39 18	74
17 39 18	74
17 39 18	74
26 20 29	75
26 20 29	75
26 20 29	75
26 20 29	75
26 20 29	75
26 20 29	75
26 20 29	75
26 20 29	75
26 20 29	75
29 27 20	76
29 27 20	76
29 27 20	76
29 27 20	76
29 27 20	76
29 27 20	76
29 27 20	76
29 27 20	76
29 27 20	76
29 27 20	76
29 27 20	76
29 27 20	76
29 27 20	76
12 29 36	77
12 29 36	77
12 29 36	77
12 29 36	77
12 29 36	77
12 29 36	77
12 29 36	77
12 29 36	77
12 29 36	77
12 29 36	77
12 29 36	77
0 10 68	78
0 10 68	78
0 10 68	78
0 10 68	78
0 10 68	78
0 10 68	78
0 10 68	78
0 10 68	78
0 10 68	78
0 10 68	78
0 10 68	78
0 10 68	78
0 10 68	78
0 10 68	78
0 10 68	78
0 10 68	78
28 37 14	79
28 37 14	79
28 37 14	79
28 37 14	79
28 37 14	79
28 37 14	79
28 37 14	79
28 37 14	79
28 37 14	79
28 37 14	79
28 37 14	79
28 37 14	79
28 37 14	79
28 37 14	79
28 37 14	79
28 37 14	79
28 37 14	79
28 37 14	79
28 37 14	79
28 37 14	79
28 37 14	79
33 6 41	80
33 6 41	80
33 6 41	80
33 6 41	80
33 6 41	80
33 6 41	80
33 6 41	80
33 6 41	80
33 6 41	80
33 6 41	80
33 6 41	80
33 6 41	80
33 6 41	80
43 10 28	81
43 10 28	81
43 10 28	81
43 10 28	81
43 10 28	81
43 10 28	81
43 10 28	81
43 10 28	81
43 10 28	81
43 10 28	81
43 10 28	81
43 10 28	81
43 10 28	81
43 10 28	81
43 10 28	81
19 29 34	82
19 29 34	82
19 29 34	82
19 29 34	82
19 29 34	82
19 29 34	82
19 29 34	82
19 29 34	82
19 29 34	82
19 29 34	82
19 29 34	82
19 29 34	82
19 29 34	82
19 29 34	82
19 29 34	82
19 29 34	82
25 32 26	83
25 32 26	83
25 32 26	83
25 32 26	83
25 32 26	83
25 32 26	83
25 32 26	83
25 32 26	83
25 32 26	83
26 38 20	84
26 38 20	84
26 38 20	84
26 38 20	84
26 38 20	84
26 38 20	84
26 38 20	84
26 38 20	84
26 38 20	84
26 38 20	84
26 38 20	84
50 21 14	85
50 21 14	85
50 21 14	85
50 21 14	85
50 21 14	85
50 21 14	85
50 21 14	85
50 21 14	85
50 21 14	85
50 21 14	85
50 21 14	85
50 21 14	85
50 21 14	85
50 21 14	85
50 21 14	85
50 21 14	85
48 3 35	86
48 3 35	86
48 3 35	86
48 3 35	86
48 3 35	86
48 3 35	86
48 3 35	86
48 3 35	86
48 3 35	86
48 3 35	86
48 3 35	86
48 3 35	86
48 3 35	86
9 46 32	87
9 46 32	87
9 46 32	87
9 46 32	87
9 46 32	87
9 46 32	87
9 46 32	87
9 46 32	87
9 46 32	87
9 46 32	87
9 46 32	87
9 46 32	87
9 46 32	87
9 46 32	87
9 46 32	87
9 46 32	87
79 0 9	88
79 0 9	88
79 0 9	88
79 0 9	88
79 0 9	88
79 0 9	88
79 0 9	88
79 0 9	88
79 0 9	88
79 0 9	88
79 0 9	88
79 0 9	88
79 0 9	88
79 0 9	88
79 0 9	88
79 0 9	88
79 0 9	88
44 20 25	89
44 20 25	89
44 20 25	89
44 20 25	89
44 20 25	89
44 20 25	89
44 20 25	89
44 20 25	89
44 20 25	89
44 20 25	89
44 20 25	89
44 20 25	89
44 20 25	89
29 27 34	90
29 27 34	90
29 27 34	90
29 27 34	90
29 27 34	90
29 27 34	90
29 27 34	90
29 27 34	90
29 27 34	90
29 27 34	90
29 27 34	90
29 27 34	90
29 27 34	90
29 27 34	90
29 27 34	90
29 27 34	90
14 69 8	91
14 69 8	91
14 69 8	91
14 69 8	91
14 69 8	91
14 69 8	91
14 69 8	91
14 69 8	91
14 69 8	91
14 69 8	91
14 69 8	91
14 69 8	91
14 69 8	91
14 69 8	91
14 69 8	91
14 69 8	91
14 69 8	91
14 69 8	91
14 69 8	91
14 69 8	91
14 69 8	91
14 69 8	91
14 69 8	91
14 69 8	91
14 69 8	91
42 14 36	92
42 14 36	92
42 14 36	92
42 14 36	92
42 14 36	92
42 14 36	92
42 14 36	92
42 14 36	92
42 14 36	92
42 14 36	92
42 14 36	92
42 14 36	92
42 14 36	92
42 14 36	92
42 14 36	92
42 14 36	92
42 14 36	92
42 14 36	92
42 14 36	92
42 14 36	92
36 50 7	93
36 50 7	93
36 50 7	93
36 50 7	93
36 50 7	93
36 50 7	93
36 50 7	93
36 50 7	93
36 50 7	93
36 50 7	93
36 50 7	93
36 50 7	93
36 50 7	93
36 50 7	93
36 50 7	93
16 3 75	94
16 3 75	94
16 3 75	94
16 3 75	94
16 3 75	94
16 3 75	94
16 3 75	94
16 3 75	94
16 3 75	94
16 3 75	94
16 3 75	94
16 3 75	94
16 3 75	94
16 3 75	94
16 3 75	94
14 15 66	95
14 15 66	95
14 15 66	95
14 15 66	95
14 15 66	95
14 15 66	95
14 15 66	95
14 15 66	95
14 15 66	95
14 15 66	95
14 15 66	95
14 15 66	95
14 15 66	95
14 15 66	95
14 15 66	95
14 15 66	95
14 15 66	95
14 15 66	95
14 15 66	95
14 15 66	95
14 15 66	95
14 15 66	95
14 15 66	95
14 15 66	95
14 15 66	95
14 15 66	95
14 15 66	95
14 15 66	95
4 86 6	96
4 86 6	96
4 86 6	96
4 86 6	96
4 86 6	96
4 86 6	96
4 86 6	96
4 86 6	96
4 86 6	96
4 86 6	96
4 86 6	96
4 86 6	96
4 86 6	96
4 86 6	96
4 86 6	96
4 86 6	96
4 86 6	96
4 86 6	96
50 33 14	97
50 33 14	97
50 33 14	97
50 33 14	97
50 33 14	97
50 33 14	97
50 33 14	97
50 33 14	97
50 33 14	97
50 33 14	97
50 33 14	97
50 33 14	97
50 33 14	97
50 33 14	97
50 33 14	97
50 33 14	97
23 64 11	98
23 64 11	98
23 64 11	98
23 64 11	98
23 64 11	98
23 64 11	98
23 64 11	98
23 64 11	98
23 64 11	98
23 64 11	98
23 64 11	98
23 64 11	98
23 64 11	98
23 64 11	98
23 64 11	98
23 64 11	98
23 64 11	98
23 64 11	98
23 64 11	98
23 64 11	98
23 64 11	98
23 64 11	98
23 64 11	98
23 64 11	98
23 64 11	98
27 29 43	99
27 29 43	99
27 29 43	99
27 29 43	99
27 29 43	99
27 29 43	99
27 29 43	99
27 29 43	99
27 29 43	99
27 29 43	99
27 29 43	99
27 29 43	99
27 29 43	99
27 29 43	99
27 29 43	99
27 29 43	99
8 51 41	100
8 51 41	100
8 51 41	100
8 51 41	100
8 51 41	100
8 51 41	100
8 51 41	100
8 51 41	100
8 51 41	100
8 51 41	100
8 51 41	100
8 51 41	100
8 51 41	100
8 51 41	100
8 51 41	100
8 51 41	100
8 51 41	100
8 51 41	100
8 51 41	100
6 56 39	101
6 56 39	101
6 56 39	101
6 56 39	101
6 56 39	101
6 56 39	101
6 56 39	101
6 56 39	101
6 56 39	101
6 56 39	101
6 56 39	101
6 56 39	101
6 56 39	101
6 56 39	101
6 56 39	101
6 56 39	101
6 56 39	101
5 76 21	102
5 76 21	102
5 76 21	102
5 76 21	102
5 76 21	102
5 76 21	102
5 76 21	102
5 76 21	102
5 76 21	102
5 76 21	102
5 76 21	102
5 76 21	102
5 76 21	102
5 76 21	102
5 76 21	102
5 76 21	102
5 76 21	102
5 76 21	102
5 76 21	102
5 76 21	102
5 76 21	102
5 76 21	102
5 76 21	102
35 31 37	103
35 31 37	103
35 31 37	103
35 31 37	103
35 31 37	103
35 31 37	103
35 31 37	103
35 31 37	103
35 31 37	103
35 31 37	103
35 31 37	103
35 31 37	103
35 31 37	103
35 31 37	103
35 31 37	103
35 31 37	103
35 31 37	103
35 31 37	103
35 31 37	103
35 31 37	103
35 31 37	103
35 31 37	103
35 31 37	103
35 31 37	103
35 31 37	103
35 31 37	103
23 24 57	104
23 24 57	104
23 24 57	104
23 24 57	104
23 24 57	104
23 24 57	104
23 24 57	104
23 24 57	104
23 24 57	104
23 24 57	104
23 24 57	104
23 24 57	104
23 24 57	104
23 24 57	104
23 24 57	104
23 24 57	104
23 24 57	104
6 34 65	105
6 34 65	105
6 34 65	105
6 34 65	105
6 34 65	105
6 34 65	105
6 34 65	105
6 34 65	105
6 34 65	105
6 34 65	105
6 34 65	105
6 34 65	105
6 34 65	105
6 34 65	105
6 34 65	105
97 7 2	106
97 7 2	106
97 7 2	106
97 7 2	106
97 7 2	106
97 7 2	106
97 7 2	106
97 7 2	106
97 7 2	106
97 7 2	106
97 7 2	106
97 7 2	106
97 7 2	106
97 7 2	106
97 7 2	106
97 7 2	106
97 7 2	106
97 7 2	106
97 7 2	106
97 7 2	106
97 7 2	106
97 7 2	106
97 7 2	106
97 7 2	106
97 7 2	106
97 7 2	106
97 7 2	106
12 94 1	107
12 94 1	107
12 94 1	107
12 94 1	107
12 94 1	107
12 94 1	107
12 94 1	107
12 94 1	107
12 94 1	107
12 94 1	107
12 94 1	107
12 94 1	107
12 94 1	107
12 94 1	107
12 94 1	107
12 94 1	107
12 94 1	107
12 94 1	107
12 94 1	107
12 94 1	107
12 94 1	107
12 94 1	107
12 94 1	107
12 94 1	107
12 94 1	107
12 94 1	107
12 94 1	107
34 23 51	108
34 23 51	108
34 23 51	108
34 23 51	108
34 23 51	108
34 23 51	108
34 23 51	108
34 23 51	108
34 23 51	108
34 23 51	108
34 23 51	108
34 23 51	108
34 23 51	108
34 23 51	108
34 23 51	108
34 23 51	108
34 23 51	108
34 23 51	108
34 23 51	108
34 23 51	108
34 23 51	108
34 23 51	108
34 23 51	108
58 7 44	109
58 7 44	109
58 7 44	109
58 7 44	109
58 7 44	109
58 7 44	109
58 7 44	109
58 7 44	109
58 7 44	109
58 7 44	109
58 7 44	109
58 7 44	109
58 7 44	109
58 7 44	109
58 7 44	109
58 7 44	109
58 7 44	109
58 7 44	109
58 7 44	109
58 7 44	109
58 7 44	109
58 7 44	109
58 7 44	109
58 7 44	109
58 7 44	109
58 7 44	109
58 7 44	109
58 7 44	109
58 7 44	109
58 7 44	109
30 64 16	110
30 64 16	110
30 64 16	110
30 64 16	110
30 64 16	110
30 64 16	110
30 64 16	110
30 64 16	110
30 64 16	110
30 64 16	110
30 64 16	110
30 64 16	110
30 64 16	110
30 64 16	110
30 64 16	110
30 64 16	110
30 64 16	110
30 64 16	110
30 64 16	110
30 64 16	110
30 64 16	110
30 64 16	110
30 64 16	110
30 64 16	110
30 64 16	110
30 64 16	110
30 64 16	110
30 64 16	110
30 64 16	110
35 52 24	111
35 52 24	111
35 52 24	111
35 52 24	111
35 52 24	111
35 52 24	111
35 52 24	111
35 52 24	111
35 52 24	111
35 52 24	111
35 52 24	111
35 52 24	111
35 52 24	111
35 52 24	111
35 52 24	111
35 52 24	111
35 52 24	111
35 52 24	111
35 52 24	111
35 52 24	111
35 52 24	111
35 52 24	111
35 52 24	111
35 52 24	111
35 52 24	111
35 52 24	111
35 52 24	111
35 52 24	111
35 52 24	111
35 52 24	111
35 52 24	111
35 52 24	111
74 4 34	112
74 4 34	112
74 4 34	112
74 4 34	112
74 4 34	112
74 4 34	112
74 4 34	112
74 4 34	112
74 4 34	112
74 4 34	112
74 4 34	112
74 4 34	112
74 4 34	112
74 4 34	112
74 4 34	112
74 4 34	112
74 4 34	112
74 4 34	112
74 4 34	112
74 4 34	112
74 4 34	112
74 4 34	112
74 4 34	112
74 4 34	112
74 4 34	112
74 4 34	112
74 4 34	112
74 4 34	112
74 4 34	112
74 4 34	112
74 4 34	112
74 4 34	112
74 4 34	112
74 4 34	112
74 4 34	112
74 4 34	112
74 4 34	112
16 39 58	113
16 39 58	113
16 39 58	113
16 39 58	113
16 39 58	113
16 39 58	113
16 39 58	113
16 39 58	113
16 39 58	113
16 39 58	113
16 39 58	113
16 39 58	113
16 39 58	113
16 39 58	113
16 39 58	113
16 39 58	113
16 39 58	113
16 39 58	113
16 39 58	113
16 39 58	113
16 39 58	113
16 39 58	113
16 39 58	113
16 39 58	113
16 39 58	113
16 39 58	113
16 39 58	113
16 39 58	113
16 39 58	113
16 39 58	113
16 39 58	113
26 84 4	114
26 84 4	114
26 84 4	114
26 84 4	114
26 84 4	114
26 84 4	114
26 84 4	114
26 84 4	114
26 84 4	114
26 84 4	114
26 84 4	114
26 84 4	114
26 84 4	114
26 84 4	114
26 84 4	114
26 84 4	114
26 84 4	114
26 84 4	114
26 84 4	114
26 84 4	114
26 84 4	114
26 84 4	114
26 84 4	114
26 84 4	114
26 84 4	114
26 84 4	114
26 84 4	114
63 41 11	115
63 41 11	115
63 41 11	115
63 41 11	115
63 41 11	115
63 41 11	115
63 41 11	115
63 41 11	115
63 41 11	115
63 41 11	115
63 41 11	115
63 41 11	115
63 41 11	115
63 41 11	115
63 41 11	115
63 41 11	115
63 41 11	115
63 41 11	115
63 41 11	115
63 41 11	115
63 41 11	115
63 41 11	115
63 41 11	115
63 41 11	115
63 41 11	115
63 41 11	115
63 41 11	115
28 0 88	116
28 0 88	116
28 0 88	116
28 0 88	116
28 0 88	116
28 0 88	116
28 0 88	116
28 0 88	116
28 0 88	116
28 0 88	116
28 0 88	116
28 0 88	116
28 0 88	116
28 0 88	116
28 0 88	116
28 0 88	116
28 0 88	116
28 0 88	116
28 0 88	116
28 0 88	116
28 0 88	116
28 0 88	116
28 0 88	116
28 0 88	116
28 0 88	116
75 4 38	117
75 4 38	117
75 4 38	117
75 4 38	117
75 4 38	117
75 4 38	117
75 4 38	117
75 4 38	117
75 4 38	117
75 4 38	117
75 4 38	117
75 4 38	117
75 4 38	117
75 4 38	117
75 4 38	117
75 4 38	117
75 4 38	117
75 4 38	117
75 4 38	117
75 4 38	117
75 4 38	117
75 4 38	117
75 4 38	117
75 4 38	117
75 4 38	117
75 4 38	117
75 4 38	117
75 4 38	117
75 4 38	117
75 4 38	117
75 4 38	117
27 82 9	118
27 82 9	118
27 82 9	118
27 82 9	118
27 82 9	118
27 82 9	118
27 82 9	118
27 82 9	118
27 82 9	118
27 82 9	118
27 82 9	118
27 82 9	118
27 82 9	118
27 82 9	118
27 82 9	118
27 82 9	118
27 82 9	118
27 82 9	118
27 82 9	118
27 82 9	118
27 82 9	118
27 82 9	118
41 75 3	119
41 75 3	119
41 75 3	119
41 75 3	119
41 75 3	119
41 75 3	119
41 75 3	119
41 75 3	119
41 75 3	119
41 75 3	119
41 75 3	119
41 75 3	119
41 75 3	119
41 75 3	119
41 75 3	119
41 75 3	119
41 75 3	119
41 75 3	119
41 75 3	119
41 75 3	119
41 75 3	119
41 75 3	119
41 75 3	119
41 75 3	119
41 75 3	119
41 75 3	119
41 75 3	119
41 75 3	119
29 82 9	120
29 82 9	120
29 82 9	120
29 82 9	120
29 82 9	120
29 82 9	120
29 82 9	120
29 82 9	120
29 82 9	120
29 82 9	120
29 82 9	120
29 82 9	120
29 82 9	120
29 82 9	120
29 82 9	120
29 82 9	120
29 82 9	120
29 82 9	120
29 82 9	120
29 82 9	120
29 82 9	120
29 82 9	120
29 82 9	120
29 82 9	120
29 82 9	120
29 82 9	120
29 82 9	120
29 82 9	120
29 82 9	120
29 82 9	120
29 82 9	120
29 82 9	120
29 82 9	120
29 82 9	120
29 82 9	120
29 82 9	120
29 82 9	120
29 82 9	120
29 82 9	120
29 82 9	120
29 82 9	120
29 82 9	120
29 82 9	120
29 82 9	120
43 30 48	121
43 30 48	121
43 30 48	121
43 30 48	121
43 30 48	121
43 30 48	121
43 30 48	121
43 30 48	121
43 30 48	121
43 30 48	121
43 30 48	121
43 30 48	121
43 30 48	121
43 30 48	121
43 30 48	121
43 30 48	121
43 30 48	121
43 30 48	121
43 30 48	121
43 30 48	121
43 30 48	121
43 30 48	121
43 30 48	121
43 30 48	121
72 8 42	122
72 8 42	122
72 8 42	122
72 8 42	122
72 8 42	122
72 8 42	122
72 8 42	122
72 8 42	122
72 8 42	122
72 8 42	122
72 8 42	122
72 8 42	122
72 8 42	122
72 8 42	122
72 8 42	122
72 8 42	122
72 8 42	122
72 8 42	122
72 8 42	122
72 8 42	122
72 8 42	122
72 8 42	122
72 8 42	122
72 8 42	122
72 8 42	122
72 8 42	122
72 8 42	122
72 8 42	122
72 8 42	122
72 8 42	122
72 8 42	122
2 43 78	123
2 43 78	123
2 43 78	123
2 43 78	123
2 43 78	123
2 43 78	123
2 43 78	123
2 43 78	123
2 43 78	123
2 43 78	123
2 43 78	123
2 43 78	123
2 43 78	123
2 43 78	123
2 43 78	123
2 43 78	123
2 43 78	123
2 43 78	123
2 43 78	123
2 43 78	123
2 43 78	123
2 43 78	123
2 43 78	123
2 43 78	123
45 43 36	124
45 43 36	124
45 43 36	124
45 43 36	124
45 43 36	124
45 43 36	124
45 43 36	124
45 43 36	124
45 43 36	124
45 43 36	124
45 43 36	124
45 43 36	124
45 43 36	124
45 43 36	124
45 43 36	124
45 43 36	124
45 43 36	124
45 43 36	124
45 43 36	124
45 43 36	124
45 43 36	124
45 43 36	124
45 43 36	124
45 43 36	124
45 43 36	124
45 43 36	124
45 43 36	124
45 43 36	124
45 43 36	124
76 16 33	125
76 16 33	125
76 16 33	125
76 16 33	125
76 16 33	125
76 16 33	125
76 16 33	125
76 16 33	125
76 16 33	125
76 16 33	125
76 16 33	125
76 16 33	125
76 16 33	125
76 16 33	125
76 16 33	125
76 16 33	125
76 16 33	125
76 16 33	125
76 16 33	125
76 16 33	125
76 16 33	125
76 16 33	125
76 16 33	125
42 3 81	126
42 3 81	126
42 3 81	126
42 3 81	126
42 3 81	126
42 3 81	126
42 3 81	126
42 3 81	126
42 3 81	126
42 3 81	126
42 3 81	126
42 3 81	126
42 3 81	126
42 3 81	126
42 3 81	126
42 3 81	126
42 3 81	126
42 3 81	126
42 3 81	126
42 3 81	126
42 3 81	126
42 3 81	126
42 3 81	126
42 3 81	126
42 3 81	126
42 3 81	126
42 3 81	126
42 3 81	126
42 3 81	126
39 19 69	127
39 19 69	127
39 19 69	127
39 19 69	127
39 19 69	127
39 19 69	127
39 19 69	127
39 19 69	127
39 19 69	127
39 19 69	127
39 19 69	127
39 19 69	127
39 19 69	127
39 19 69	127
39 19 69	127
39 19 69	127
39 19 69	127
39 19 69	127
39 19 69	127
39 19 69	127
39 19 69	127
39 19 69	127
39 19 69	127
39 19 69	127
39 19 69	127
17 82 29	128
17 82 29	128
17 82 29	128
17 82 29	128
17 82 29	128
17 82 29	128
17 82 29	128
17 82 29	128
17 82 29	128
17 82 29	128
17 82 29	128
17 82 29	128
17 82 29	128
17 82 29	128
17 82 29	128
17 82 29	128
17 82 29	128
17 82 29	128
17 82 29	128
17 82 29	128
17 82 29	128
17 82 29	128
17 82 29	128
17 82 29	128
17 82 29	128
17 82 29	128
17 82 29	128
17 82 29	128
17 82 29	128
17 82 29	128
17 82 29	128
17 82 29	128
75 31 23	129
75 31 23	129
75 31 23	129
75 31 23	129
75 31 23	129
75 31 23	129
75 31 23	129
75 31 23	129
75 31 23	129
75 31 23	129
75 31 23	129
75 31 23	129
75 31 23	129
75 31 23	129
75 31 23	129
75 31 23	129
75 31 23	129
75 31 23	129
75 31 23	129
75 31 23	129
75 31 23	129
75 31 23	129
75 31 23	129
75 31 23	129
75 31 23	129
75 31 23	129
75 31 23	129
75 31 23	129
75 31 23	129
75 31 23	129
75 31 23	129
75 31 23	129
75 31 23	129
75 31 23	129
75 31 23	129
75 31 23	129
75 31 23	129
75 31 23	129
75 31 23	129
54 1 75	130
54 1 75	130
54 1 75	130
54 1 75	130
54 1 75	130
54 1 75	130
54 1 75	130
54 1 75	130
54 1 75	130
54 1 75	130
54 1 75	130
54 1 75	130
54 1 75	130
54 1 75	130
54 1 75	130
54 1 75	130
54 1 75	130
54 1 75	130
54 1 75	130
54 1 75	130
54 1 75	130
54 1 75	130
54 1 75	130
54 1 75	130
54 1 75	130
54 1 75	130
54 1 75	130
54 1 75	130
54 1 75	130
54 1 75	130
29 96 6	131
29 96 6	131
29 96 6	131
29 96 6	131
29 96 6	131
29 96 6	131
29 96 6	131
29 96 6	131
29 96 6	131
29 96 6	131
29 96 6	131
29 96 6	131
29 96 6	131
29 96 6	131
29 96 6	131
29 96 6	131
29 96 6	131
29 96 6	131
29 96 6	131
29 96 6	131
29 96 6	131
29 96 6	131
29 96 6	131
29 96 6	131
29 96 6	131
29 96 6	131
20 79 33	132
20 79 33	132
20 79 33	132
20 79 33	132
20 79 33	132
20 79 33	132
20 79 33	132
20 79 33	132
20 79 33	132
20 79 33	132
20 79 33	132
20 79 33	132
20 79 33	132
20 79 33	132
20 79 33	132
20 79 33	132
20 79 33	132
20 79 33	132
20 79 33	132
20 79 33	132
20 79 33	132
20 79 33	132
20 79 33	132
20 79 33	132
20 79 33	132
20 79 33	132
20 79 33	132
20 79 33	132
20 79 33	132
20 79 33	132
20 79 33	132
20 79 33	132
11 55 67	133
11 55 67	133
11 55 67	133
11 55 67	133
11 55 67	133
11 55 67	133
11 55 67	133
11 55 67	133
11 55 67	133
11 55 67	133
11 55 67	133
11 55 67	133
11 55 67	133
11 55 67	133
11 55 67	133
11 55 67	133
11 55 67	133
11 55 67	133
11 55 67	133
11 55 67	133
11 55 67	133
11 55 67	133
11 55 67	133
11 55 67	133
11 55 67	133
11 55 67	133
11 55 67	133
11 55 67	133
11 55 67	133
11 55 67	133
11 55 67	133
11 55 67	133
11 55 67	133
11 55 67	133
27 19 88	134
27 19 88	134
27 19 88	134
27 19 88	134
27 19 88	134
27 19 88	134
27 19 88	134
27 19 88	134
27 19 88	134
27 19 88	134
27 19 88	134
27 19 88	134
27 19 88	134
27 19 88	134
27 19 88	134
27 19 88	134
27 19 88	134
27 19 88	134
27 19 88	134
27 19 88	134
27 19 88	134
27 19 88	134
27 19 88	134
27 19 88	134
27 19 88	134
27 19 88	134
27 19 88	134
27 19 88	134
27 19 88	134
27 19 88	134
27 19 88	134
27 19 88	134
27 19 88	134
27 19 88	134
27 19 88	134
40 6 89	135
40 6 89	135
40 6 89	135
40 6 89	135
40 6 89	135
40 6 89	135
40 6 89	135
40 6 89	135
40 6 89	135
40 6 89	135
40 6 89	135
40 6 89	135
40 6 89	135
40 6 89	135
40 6 89	135
40 6 89	135
40 6 89	135
40 6 89	135
40 6 89	135
40 6 89	135
40 6 89	135
40 6 89	135
40 6 89	135
40 6 89	135
40 6 89	135
40 6 89	135
40 6 89	135
40 6 89	135
40 6 89	135
40 6 89	135
40 6 89	135
40 6 89	135
40 6 89	135
72 52 12	136
72 52 12	136
72 52 12	136
72 52 12	136
72 52 12	136
72 52 12	136
72 52 12	136
72 52 12	136
72 52 12	136
72 52 12	136
72 52 12	136
72 52 12	136
72 52 12	136
72 52 12	136
72 52 12	136
72 52 12	136
72 52 12	136
72 52 12	136
72 52 12	136
72 52 12	136
72 52 12	136
72 52 12	136
72 52 12	136
72 52 12	136
72 52 12	136
72 52 12	136
72 52 12	136
72 52 12	136
76 43 18	137
76 43 18	137
76 43 18	137
76 43 18	137
76 43 18	137
76 43 18	137
76 43 18	137
76 43 18	137
76 43 18	137
76 43 18	137
76 43 18	137
76 43 18	137
76 43 18	137
76 43 18	137
76 43 18	137
76 43 18	137
76 43 18	137
76 43 18	137
76 43 18	137
76 43 18	137
76 43 18	137
76 43 18	137
76 43 18	137
76 43 18	137
6 55 77	138
6 55 77	138
6 55 77	138
6 55 77	138
6 55 77	138
6 55 77	138
6 55 77	138
6 55 77	138
6 55 77	138
6 55 77	138
6 55 77	138
6 55 77	138
6 55 77	138
6 55 77	138
6 55 77	138
6 55 77	138
6 55 77	138
6 55 77	138
6 55 77	138
6 55 77	138
6 55 77	138
6 55 77	138
6 55 77	138
6 55 77	138
6 55 77	138
6 55 77	138
6 55 77	138
6 55 77	138
6 55 77	138
6 55 77	138
6 55 77	138
6 55 77	138
6 55 77	138
6 55 77	138
45 68 26	139
45 68 26	139
45 68 26	139
45 68 26	139
45 68 26	139
45 68 26	139
45 68 26	139
45 68 26	139
45 68 26	139
45 68 26	139
45 68 26	139
45 68 26	139
45 68 26	139
45 68 26	139
45 68 26	139
45 68 26	139
45 68 26	139
45 68 26	139
45 68 26	139
45 68 26	139
45 68 26	139
45 68 26	139
45 68 26	139
45 68 26	139
45 68 26	139
45 68 26	139
45 68 26	139
45 68 26	139
45 68 26	139
45 68 26	139
45 68 26	139
45 68 26	139
45 68 26	139
84 29 27	140
84 29 27	140
84 29 27	140
84 29 27	140
84 29 27	140
84 29 27	140
84 29 27	140
84 29 27	140
84 29 27	140
84 29 27	140
84 29 27	140
84 29 27	140
84 29 27	140
84 29 27	140
84 29 27	140
84 29 27	140
84 29 27	140
84 29 27	140
84 29 27	140
84 29 27	140
46 74 21	141
46 74 21	141
46 74 21	141
46 74 21	141
46 74 21	141
46 74 21	141
46 74 21	141
46 74 21	141
46 74 21	141
46 74 21	141
46 74 21	141
46 74 21	141
46 74 21	141
46 74 21	141
46 74 21	141
46 74 21	141
46 74 21	141
46 74 21	141
46 74 21	141
46 74 21	141
46 74 21	141
46 74 21	141
46 74 21	141
46 74 21	141
46 74 21	141
46 74 21	141
46 74 21	141
46 74 21	141
46 74 21	141
74 37 31	142
74 37 31	142
74 37 31	142
74 37 31	142
74 37 31	142
74 37 31	142
74 37 31	142
74 37 31	142
74 37 31	142
74 37 31	142
74 37 31	142
74 37 31	142
74 37 31	142
74 37 31	142
74 37 31	142
74 37 31	142
74 37 31	142
74 37 31	142
74 37 31	142
74 37 31	142
74 37 31	142
74 37 31	142
74 37 31	142
74 37 31	142
74 37 31	142
74 37 31	142
74 37 31	142
74 37 31	142
74 37 31	142
74 37 31	142
74 37 31	142
74 37 31	142
74 37 31	142
74 37 31	142
74 37 31	142
74 37 31	142
26 89 28	143
26 89 28	143
26 89 28	143
26 89 28	143
26 89 28	143
26 89 28	143
26 89 28	143
26 89 28	143
26 89 28	143
26 89 28	143
26 89 28	143
26 89 28	143
26 89 28	143
26 89 28	143
26 89 28	143
26 89 28	143
26 89 28	143
26 89 28	143
26 89 28	143
26 89 28	143
26 89 28	143
26 89 28	143
26 89 28	143
26 89 28	143
26 89 28	143
26 89 28	143
26 89 28	143
26 89 28	143
26 89 28	143
51 87 6	144
51 87 6	144
51 87 6	144
51 87 6	144
51 87 6	144
51 87 6	144
51 87 6	144
51 87 6	144
51 87 6	144
51 87 6	144
51 87 6	144
51 87 6	144
51 87 6	144
51 87 6	144
51 87 6	144
51 87 6	144
51 87 6	144
51 87 6	144
51 87 6	144
51 87 6	144
51 87 6	144
51 87 6	144
51 87 6	144
51 87 6	144
51 87 6	144
8 89 48	145
8 89 48	145
8 89 48	145
8 89 48	145
8 89 48	145
8 89 48	145
8 89 48	145
8 89 48	145
8 89 48	145
8 89 48	145
8 89 48	145
8 89 48	145
8 89 48	145
8 89 48	145
8 89 48	145
8 89 48	145
8 89 48	145
8 89 48	145
8 89 48	145
8 89 48	145
8 89 48	145
8 89 48	145
91 49 6	146
91 49 6	146
91 49 6	146
91 49 6	146
91 49 6	146
91 49 6	146
91 49 6	146
91 49 6	146
91 49 6	146
91 49 6	146
91 49 6	146
91 49 6	146
91 49 6	146
91 49 6	146
91 49 6	146
91 49 6	146
91 49 6	146
91 49 6	146
91 49 6	146
91 49 6	146
91 49 6	146
91 49 6	146
91 49 6	146
91 49 6	146
91 49 6	146
91 49 6	146
91 49 6	146
91 49 6	146
91 49 6	146
91 49 6	146
91 49 6	146
91 49 6	146
91 49 6	146
91 49 6	146
91 49 6	146
91 49 6	146
91 49 6	146
91 49 6	146
65 12 70	147
65 12 70	147
65 12 70	147
65 12 70	147
65 12 70	147
65 12 70	147
65 12 70	147
65 12 70	147
65 12 70	147
65 12 70	147
65 12 70	147
65 12 70	147
65 12 70	147
65 12 70	147
65 12 70	147
65 12 70	147
65 12 70	147
65 12 70	147
65 12 70	147
65 12 70	147
65 12 70	147
65 12 70	147
65 12 70	147
65 12 70	147
65 12 70	147
65 12 70	147
65 12 70	147
65 12 70	147
65 12 70	147
65 12 70	147
65 12 70	147
65 12 70	147
65 12 70	147
65 12 70	147
1 62 85	148
1 62 85	148
1 62 85	148
1 62 85	148
1 62 85	148
1 62 85	148
1 62 85	148
1 62 85	148
1 62 85	148
1 62 85	148
1 62 85	148
1 62 85	148
1 62 85	148
1 62 85	148
1 62 85	148
1 62 85	148
1 62 85	148
1 62 85	148
1 62 85	148
1 62 85	148
1 62 85	148
1 62 85	148
1 62 85	148
1 62 85	148
1 62 85	148
1 62 85	148
1 62 85	148
1 62 85	148
1 62 85	148
1 62 85	148
1 62 85	148
1 62 85	148
1 62 85	148
1 62 85	148
1 62 85	148
1 62 85	148
1 62 85	148
1 62 85	148
1 62 85	148
53 63 33	149
53 63 33	149
53 63 33	149
53 63 33	149
53 63 33	149
53 63 33	149
53 63 33	149
53 63 33	149
53 63 33	149
53 63 33	149
53 63 33	149
53 63 33	149
53 63 33	149
53 63 33	149
53 63 33	149
53 63 33	149
53 63 33	149
53 63 33	149
53 63 33	149
53 63 33	149
53 63 33	149
53 63 33	149
53 63 33	149
53 63 33	149
53 63 33	149
15 74 61	150
15 74 61	150
15 74 61	150
15 74 61	150
15 74 61	150
15 74 61	150
15 74 61	150
15 74 61	150
15 74 61	150
15 74 61	150
15 74 61	150
15 74 61	150
15 74 61	150
15 74 61	150
15 74 61	150
15 74 61	150
15 74 61	150
15 74 61	150
15 74 61	150
15 74 61	150
15 74 61	150
15 74 61	150
15 74 61	150
15 74 61	150
15 74 61	150
15 74 61	150
14 49 88	151
14 49 88	151
14 49 88	151
14 49 88	151
14 49 88	151
14 49 88	151
14 49 88	151
14 49 88	151
14 49 88	151
14 49 88	151
14 49 88	151
14 49 88	151
14 49 88	151
14 49 88	151
14 49 88	151
14 49 88	151
14 49 88	151
14 49 88	151
14 49 88	151
14 49 88	151
14 49 88	151
14 49 88	151
14 49 88	151
89 63 0	152
89 63 0	152
89 63 0	152
89 63 0	152
89 63 0	152
89 63 0	152
89 63 0	152
89 63 0	152
89 63 0	152
89 63 0	152
89 63 0	152
89 63 0	152
89 63 0	152
89 63 0	152
89 63 0	152
89 63 0	152
89 63 0	152
89 63 0	152
89 63 0	152
89 63 0	152
89 63 0	152
89 63 0	152
89 63 0	152
89 63 0	152
94 12 47	153
94 12 47	153
94 12 47	153
94 12 47	153
94 12 47	153
94 12 47	153
94 12 47	153
94 12 47	153
94 12 47	153
94 12 47	153
94 12 47	153
94 12 47	153
94 12 47	153
94 12 47	153
94 12 47	153
94 12 47	153
94 12 47	153
94 12 47	153
94 12 47	153
94 12 47	153
94 12 47	153
94 12 47	153
94 12 47	153
94 12 47	153
94 12 47	153
94 12 47	153
94 12 47	153
94 12 47	153
94 12 47	153
94 12 47	153
94 12 47	153
94 12 47	153
94 12 47	153
94 12 47	153
44 68 42	154
44 68 42	154
44 68 42	154
44 68 42	154
44 68 42	154
44 68 42	154
44 68 42	154
44 68 42	154
44 68 42	154
44 68 42	154
44 68 42	154
44 68 42	154
44 68 42	154
44 68 42	154
44 68 42	154
44 68 42	154
44 68 42	154
44 68 42	154
44 68 42	154
44 68 42	154
44 68 42	154
44 68 42	154
44 68 42	154
44 68 42	154
44 68 42	154
44 68 42	154
44 68 42	154
44 68 42	154
44 68 42	154
44 68 42	154
44 68 42	154
44 68 42	154
44 68 42	154
71 68 16	155
71 68 16	155
71 68 16	155
71 68 16	155
71 68 16	155
71 68 16	155
71 68 16	155
71 68 16	155
71 68 16	155
71 68 16	155
71 68 16	155
71 68 16	155
71 68 16	155
71 68 16	155
71 68 16	155
71 68 16	155
71 68 16	155
71 68 16	155
71 68 16	155
71 68 16	155
71 68 16	155
71 68 16	155
71 68 16	155
71 68 16	155
76 9 71	156
76 9 71	156
76 9 71	156
76 9 71	156
76 9 71	156
76 9 71	156
76 9 71	156
76 9 71	156
76 9 71	156
76 9 71	156
76 9 71	156
76 9 71	156
76 9 71	156
76 9 71	156
76 9 71	156
76 9 71	156
76 9 71	156
76 9 71	156
76 9 71	156
76 9 71	156
76 9 71	156
76 9 71	156
76 9 71	156
76 9 71	156
76 9 71	156
76 9 71	156
76 9 71	156
76 9 71	156
76 9 71	156
76 9 71	156
76 9 71	156
76 9 71	156
76 9 71	156
76 9 71	156
76 9 71	156
76 9 71	156
76 9 71	156
76 9 71	156
76 9 71	156
76 9 71	156
76 9 71	156
76 9 71	156
10 90 57	157
10 90 57	157
10 90 57	157
10 90 57	157
10 90 57	157
10 90 57	157
10 90 57	157
10 90 57	157
10 90 57	157
10 90 57	157
10 90 57	157
10 90 57	157
10 90 57	157
10 90 57	157
10 90 57	157
10 90 57	157
10 90 57	157
10 90 57	157
10 90 57	157
10 90 57	157
10 90 57	157
10 90 57	157
10 90 57	157
10 90 57	157
10 90 57	157
10 90 57	157
10 90 57	157
10 90 57	157
10 90 57	157
10 90 57	157
10 90 57	157
10 90 57	157
87 46 25	158
87 46 25	158
87 46 25	158
87 46 25	158
87 46 25	158
87 46 25	158
87 46 25	158
87 46 25	158
87 46 25	158
87 46 25	158
87 46 25	158
87 46 25	158
87 46 25	158
87 46 25	158
87 46 25	158
87 46 25	158
87 46 25	158
87 46 25	158
87 46 25	158
87 46 25	158
87 46 25	158
87 46 25	158
87 46 25	158
27 40 92	159
27 40 92	159
27 40 92	159
27 40 92	159
27 40 92	159
27 40 92	159
27 40 92	159
27 40 92	159
27 40 92	159
27 40 92	159
27 40 92	159
27 40 92	159
27 40 92	159
27 40 92	159
27 40 92	159
27 40 92	159
27 40 92	159
27 40 92	159
27 40 92	159
27 40 92	159
27 40 92	159
27 40 92	159
27 40 92	159
27 40 92	159
27 40 92	159
27 40 92	159
27 40 92	159
27 40 92	159
27 40 92	159
27 40 92	159
27 40 92	159
39 38 83	160
39 38 83	160
39 38 83	160
39 38 83	160
39 38 83	160
39 38 83	160
39 38 83	160
39 38 83	160
39 38 83	160
39 38 83	160
39 38 83	160
39 38 83	160
39 38 83	160
39 38 83	160
39 38 83	160
39 38 83	160
39 38 83	160
39 38 83	160
39 38 83	160
39 38 83	160
39 38 83	160
39 38 83	160
39 38 83	160
39 38 83	160
39 38 83	160
39 38 83	160
39 38 83	160
39 38 83	160
83 66 12	161
83 66 12	161
83 66 12	161
83 66 12	161
83 66 12	161
83 66 12	161
83 66 12	161
83 66 12	161
83 66 12	161
83 66 12	161
83 66 12	161
83 66 12	161
83 66 12	161
83 66 12	161
83 66 12	161
83 66 12	161
83 66 12	161
83 66 12	161
83 66 12	161
83 66 12	161
83 66 12	161
83 66 12	161
83 66 12	161
83 66 12	161
83 66 12	161
83 66 12	161
85 37 40	162
85 37 40	162
85 37 40	162
85 37 40	162
85 37 40	162
85 37 40	162
85 37 40	162
85 37 40	162
85 37 40	162
85 37 40	162
85 37 40	162
85 37 40	162
85 37 40	162
85 37 40	162
85 37 40	162
85 37 40	162
85 37 40	162
85 37 40	162
85 37 40	162
85 37 40	162
85 37 40	162
85 37 40	162
85 37 40	162
85 37 40	162
85 37 40	162
85 37 40	162
85 37 40	162
85 37 40	162
85 37 40	162
85 37 40	162
85 37 40	162
85 37 40	162
85 37 40	162
86 50 27	163
86 50 27	163
86 50 27	163
86 50 27	163
86 50 27	163
86 50 27	163
86 50 27	163
86 50 27	163
86 50 27	163
86 50 27	163
86 50 27	163
86 50 27	163
86 50 27	163
86 50 27	163
86 50 27	163
86 50 27	163
86 50 27	163
86 50 27	163
86 50 27	163
86 50 27	163
86 50 27	163
86 50 27	163
86 50 27	163
86 50 27	163
86 50 27	163
86 50 27	163
86 50 27	163
86 50 27	163
86 50 27	163
36 37 91	164
36 37 91	164
36 37 91	164
36 37 91	164
36 37 91	164
36 37 91	164
36 37 91	164
36 37 91	164
36 37 91	164
36 37 91	164
36 37 91	164
36 37 91	164
36 37 91	164
36 37 91	164
36 37 91	164
36 37 91	164
36 37 91	164
36 37 91	164
36 37 91	164
36 37 91	164
36 37 91	164
36 37 91	164
36 37 91	164
36 37 91	164
36 37 91	164
36 37 91	164
36 37 91	164
36 37 91	164
36 37 91	164
33 70 62	165
33 70 62	165
33 70 62	165
33 70 62	165
33 70 62	165
33 70 62	165
33 70 62	165
33 70 62	165
33 70 62	165
33 70 62	165
33 70 62	165
33 70 62	165
33 70 62	165
33 70 62	165
33 70 62	165
33 70 62	165
33 70 62	165
33 70 62	165
33 70 62	165
33 70 62	165
33 70 62	165
33 70 62	165
33 70 62	165
33 70 62	165
33 70 62	165
33 70 62	165
33 70 62	165
33 70 62	165
33 70 62	165
33 70 62	165
73 31 62	166
73 31 62	166
73 31 62	166
73 31 62	166
73 31 62	166
73 31 62	166
73 31 62	166
73 31 62	166
73 31 62	166
73 31 62	166
73 31 62	166
73 31 62	166
73 31 62	166
73 31 62	166
73 31 62	166
73 31 62	166
73 31 62	166
73 31 62	166
73 31 62	166
73 31 62	166
73 31 62	166
73 31 62	166
73 31 62	166
73 31 62	166
73 31 62	166
73 31 62	166
73 31 62	166
71 96 0	167
71 96 0	167
71 96 0	167
71 96 0	167
71 96 0	167
71 96 0	167
71 96 0	167
71 96 0	167
71 96 0	167
71 96 0	167
71 96 0	167
71 96 0	167
71 96 0	167
71 96 0	167
71 96 0	167
71 96 0	167
71 96 0	167
71 96 0	167
71 96 0	167
94 25 49	168
94 25 49	168
94 25 49	168
94 25 49	168
94 25 49	168
94 25 49	168
94 25 49	168
94 25 49	168
94 25 49	168
94 25 49	168
94 25 49	168
94 25 49	168
94 25 49	168
94 25 49	168
94 25 49	168
94 25 49	168
94 25 49	168
94 25 49	168
94 25 49	168
94 25 49	168
94 25 49	168
94 25 49	168
94 25 49	168
94 25 49	168
94 25 49	168
94 25 49	168
94 25 49	168
94 25 49	168
1 90 78	169
1 90 78	169
1 90 78	169
1 90 78	169
1 90 78	169
1 90 78	169
1 90 78	169
1 90 78	169
1 90 78	169
1 90 78	169
1 90 78	169
1 90 78	169
1 90 78	169
1 90 78	169
1 90 78	169
1 90 78	169
1 90 78	169
1 90 78	169
1 90 78	169
1 90 78	169
1 90 78	169
1 90 78	169
1 90 78	169
1 90 78	169
1 90 78	169
1 90 78	169
1 90 78	169
1 90 78	169
1 90 78	169
1 90 78	169
85 62 23	170
85 62 23	170
85 62 23	170
85 62 23	170
85 62 23	170
85 62 23	170
85 62 23	170
85 62 23	170
85 62 23	170
85 62 23	170
85 62 23	170
85 62 23	170
85 62 23	170
85 62 23	170
85 62 23	170
85 62 23	170
85 62 23	170
85 62 23	170
85 62 23	170
85 62 23	170
85 62 23	170
85 62 23	170
85 62 23	170
85 62 23	170
85 62 23	170
85 62 23	170
85 62 23	170
85 62 23	170
85 62 23	170
85 62 23	170
85 62 23	170
85 62 23	170
85 62 23	170
85 62 23	170
85 62 23	170
29 89 53	171
29 89 53	171
29 89 53	171
29 89 53	171
29 89 53	171
29 89 53	171
29 89 53	171
29 89 53	171
29 89 53	171
29 89 53	171
29 89 53	171
29 89 53	171
29 89 53	171
29 89 53	171
29 89 53	171
29 89 53	171
29 89 53	171
29 89 53	171
29 89 53	171
64 75 33	172
64 75 33	172
64 75 33	172
64 75 33	172
64 75 33	172
64 75 33	172
64 75 33	172
64 75 33	172
64 75 33	172
64 75 33	172
64 75 33	172
64 75 33	172
64 75 33	172
64 75 33	172
64 75 33	172
64 75 33	172
64 75 33	172
64 75 33	172
64 75 33	172
64 75 33	172
64 75 33	172
64 75 33	172
64 75 33	172
64 75 33	172
64 75 33	172
64 75 33	172
52 66 55	173
52 66 55	173
52 66 55	173
52 66 55	173
52 66 55	173
52 66 55	173
52 66 55	173
52 66 55	173
52 66 55	173
52 66 55	173
52 66 55	173
52 66 55	173
52 66 55	173
52 66 55	173
52 66 55	173
52 66 55	173
52 66 55	173
52 66 55	173
52 66 55	173
52 66 55	173
52 66 55	173
52 66 55	173
52 66 55	173
52 66 55	173
52 66 55	173
52 66 55	173
52 66 55	173
52 66 55	173
52 66 55	173
52 66 55	173
18 90 66	174
18 90 66	174
18 90 66	174
18 90 66	174
18 90 66	174
18 90 66	174
18 90 66	174
18 90 66	174
18 90 66	174
18 90 66	174
18 90 66	174
18 90 66	174
18 90 66	174
18 90 66	174
18 90 66	174
18 90 66	174
18 90 66	174
18 90 66	174
18 90 66	174
18 90 66	174
18 90 66	174
18 90 66	174
18 90 66	174
18 90 66	174
18 90 66	174
18 90 66	174
18 90 66	174
18 90 66	174
18 90 66	174
18 90 66	174
18 90 66	174
18 90 66	174
18 90 66	174
18 90 66	174
16 73 86	175
16 73 86	175
16 73 86	175
16 73 86	175
16 73 86	175
16 73 86	175
16 73 86	175
16 73 86	175
16 73 86	175
16 73 86	175
16 73 86	175
16 73 86	175
16 73 86	175
16 73 86	175
16 73 86	175
16 73 86	175
16 73 86	175
16 73 86	175
16 73 86	175
16 73 86	175
16 73 86	175
16 73 86	175
16 73 86	175
77 93 6	176
77 93 6	176
77 93 6	176
77 93 6	176
77 93 6	176
77 93 6	176
77 93 6	176
77 93 6	176
77 93 6	176
77 93 6	176
77 93 6	176
77 93 6	176
77 93 6	176
77 93 6	176
77 93 6	176
77 93 6	176
77 93 6	176
77 93 6	176
77 93 6	176
77 93 6	176
77 93 6	176
77 93 6	176
77 93 6	176
77 93 6	176
77 93 6	176
77 93 6	176
36 58 83	177
36 58 83	177
36 58 83	177
36 58 83	177
36 58 83	177
36 58 83	177
36 58 83	177
36 58 83	177
36 58 83	177
36 58 83	177
36 58 83	177
36 58 83	177
36 58 83	177
36 58 83	177
36 58 83	177
36 58 83	177
36 58 83	177
36 58 83	177
36 58 83	177
36 58 83	177
36 58 83	177
36 58 83	177
36 58 83	177
36 58 83	177
36 58 83	177
80 97 1	178
80 97 1	178
80 97 1	178
80 97 1	178
80 97 1	178
80 97 1	178
80 97 1	178
80 97 1	178
80 97 1	178
80 97 1	178
80 97 1	178
80 97 1	178
80 97 1	178
80 97 1	178
80 97 1	178
80 97 1	178
80 97 1	178
80 97 1	178
80 97 1	178
80 97 1	178
80 97 1	178
80 97 1	178
80 97 1	178
32 84 63	179
32 84 63	179
32 84 63	179
32 84 63	179
32 84 63	179
32 84 63	179
32 84 63	179
32 84 63	179
32 84 63	179
32 84 63	179
32 84 63	179
32 84 63	179
32 84 63	179
32 84 63	179
32 84 63	179
32 84 63	179
32 84 63	179
32 84 63	179
32 84 63	179
32 84 63	179
32 84 63	179
32 84 63	179
76 16 88	180
76 16 88	180
76 16 88	180
76 16 88	180
76 16 88	180
76 16 88	180
76 16 88	180
76 16 88	180
76 16 88	180
76 16 88	180
76 16 88	180
76 16 88	180
76 16 88	180
76 16 88	180
76 16 88	180
76 16 88	180
76 16 88	180
76 16 88	180
76 16 88	180
69 62 50	181
69 62 50	181
69 62 50	181
69 62 50	181
69 62 50	181
69 62 50	181
69 62 50	181
69 62 50	181
69 62 50	181
69 62 50	181
69 62 50	181
69 62 50	181
69 62 50	181
69 62 50	181
69 62 50	181
69 62 50	181
69 62 50	181
69 62 50	181
69 62 50	181
69 62 50	181
69 62 50	181
69 62 50	181
69 62 50	181
69 62 50	181
97 46 39	182
97 46 39	182
97 46 39	182
97 46 39	182
97 46 39	182
97 46 39	182
97 46 39	182
97 46 39	182
97 46 39	182
97 46 39	182
97 46 39	182
97 46 39	182
97 46 39	182
97 46 39	182
97 46 39	182
97 46 39	182
97 46 39	182
97 46 39	182
97 46 39	182
97 46 39	182
97 46 39	182
97 46 39	182
97 46 39	182
97 46 39	182
90 15 78	183
90 15 78	183
90 15 78	183
90 15 78	183
90 15 78	183
90 15 78	183
90 15 78	183
90 15 78	183
90 15 78	183
90 15 78	183
90 15 78	183
90 15 78	183
90 15 78	183
90 15 78	183
90 15 78	183
90 15 78	183
90 15 78	183
90 15 78	183
90 15 78	183
90 15 78	183
90 15 78	183
90 15 78	183
90 15 78	183
90 15 78	183
94 1 89	184
94 1 89	184
94 1 89	184
94 1 89	184
94 1 89	184
94 1 89	184
94 1 89	184
94 1 89	184
94 1 89	184
94 1 89	184
94 1 89	184
94 1 89	184
94 1 89	184
94 1 89	184
94 1 89	184
94 1 89	184
94 1 89	184
94 1 89	184
94 1 89	184
94 1 89	184
94 1 89	184
94 1 89	184
94 1 89	184
94 1 89	184
94 1 89	184
94 1 89	184
94 1 89	184
83 14 88	185
83 14 88	185
83 14 88	185
83 14 88	185
83 14 88	185
83 14 88	185
83 14 88	185
83 14 88	185
83 14 88	185
83 14 88	185
83 14 88	185
83 14 88	185
83 14 88	185
83 14 88	185
83 14 88	185
83 14 88	185
83 14 88	185
83 14 88	185
83 14 88	185
83 14 88	185
83 14 88	185
37 61 88	186
37 61 88	186
37 61 88	186
37 61 88	186
37 61 88	186
37 61 88	186
37 61 88	186
37 61 88	186
37 61 88	186
37 61 88	186
37 61 88	186
37 61 88	186
37 61 88	186
37 61 88	186
37 61 88	186
37 61 88	186
37 61 88	186
37 61 88	186
37 61 88	186
37 61 88	186
37 61 88	186
37 61 88	186
37 61 88	186
89 47 51	187
89 47 51	187
89 47 51	187
89 47 51	187
89 47 51	187
89 47 51	187
89 47 51	187
89 47 51	187
89 47 51	187
89 47 51	187
89 47 51	187
89 47 51	187
89 47 51	187
89 47 51	187
89 47 51	187
89 47 51	187
89 47 51	187
89 47 51	187
89 47 51	187
89 47 51	187
89 47 51	187
89 47 51	187
89 47 51	187
89 47 51	187
89 47 51	187
89 47 51	187
48 87 53	188
48 87 53	188
48 87 53	188
48 87 53	188
48 87 53	188
48 87 53	188
48 87 53	188
48 87 53	188
48 87 53	188
48 87 53	188
48 87 53	188
48 87 53	188
48 87 53	188
48 87 53	188
48 87 53	188
48 87 53	188
48 87 53	188
48 87 53	188
48 87 53	188
48 87 53	188
48 87 53	188
48 87 53	188
48 87 53	188
48 87 53	188
69 75 45	189
69 75 45	189
69 75 45	189
69 75 45	189
69 75 45	189
69 75 45	189
69 75 45	189
69 75 45	189
69 75 45	189
69 75 45	189
69 75 45	189
69 75 45	189
24 93 73	190
24 93 73	190
24 93 73	190
24 93 73	190
24 93 73	190
24 93 73	190
24 93 73	190
24 93 73	190
24 93 73	190
24 93 73	190
24 93 73	190
24 93 73	190
24 93 73	190
24 93 73	190
24 93 73	190
24 93 73	190
24 93 73	190
24 93 73	190
24 93 73	190
24 93 73	190
79 67 45	191
79 67 45	191
79 67 45	191
79 67 45	191
79 67 45	191
79 67 45	191
79 67 45	191
79 67 45	191
79 67 45	191
79 67 45	191
79 67 45	191
79 67 45	191
79 67 45	191
79 67 45	191
79 67 45	191
79 67 45	191
79 67 45	191
79 67 45	191
90 36 66	192
90 36 66	192
90 36 66	192
90 36 66	192
90 36 66	192
90 36 66	192
90 36 66	192
90 36 66	192
90 36 66	192
90 36 66	192
90 36 66	192
90 36 66	192
90 36 66	192
90 36 66	192
90 36 66	192
90 36 66	192
90 36 66	192
90 36 66	192
90 36 66	192
90 36 66	192
90 36 66	192
90 36 66	192
90 36 66	192
90 36 66	192
90 36 66	192
90 36 66	192
86 57 50	193
86 57 50	193
86 57 50	193
86 57 50	193
86 57 50	193
86 57 50	193
86 57 50	193
86 57 50	193
86 57 50	193
86 57 50	193
86 57 50	193
86 57 50	193
86 57 50	193
86 57 50	193
86 57 50	193
86 57 50	193
86 57 50	193
86 57 50	193
86 57 50	193
86 57 50	193
86 57 50	193
86 57 50	193
75 58 61	194
75 58 61	194
75 58 61	194
75 58 61	194
75 58 61	194
75 58 61	194
75 58 61	194
75 58 61	194
75 58 61	194
75 58 61	194
75 58 61	194
75 58 61	194
75 58 61	194
75 58 61	194
75 58 61	194
75 58 61	194
75 58 61	194
75 58 61	194
75 58 61	194
75 58 61	194
75 58 61	194
75 58 61	194
88 65 42	195
88 65 42	195
88 65 42	195
88 65 42	195
88 65 42	195
88 65 42	195
88 65 42	195
88 65 42	195
88 65 42	195
88 65 42	195
88 65 42	195
88 65 42	195
88 65 42	195
88 65 42	195
88 65 42	195
88 65 42	195
88 65 42	195
88 65 42	195
88 65 42	195
9 90 97	196
9 90 97	196
9 90 97	196
9 90 97	196
9 90 97	196
9 90 97	196
9 90 97	196
9 90 97	196
9 90 97	196
9 90 97	196
9 90 97	196
9 90 97	196
9 90 97	196
9 90 97	196
9 90 97	196
9 90 97	196
9 90 97	196
9 90 97	196
9 90 97	196
9 90 97	196
50 90 57	197
50 90 57	197
50 90 57	197
50 90 57	197
50 90 57	197
50 90 57	197
50 90 57	197
50 90 57	197
50 90 57	197
50 90 57	197
50 90 57	197
50 90 57	197
50 90 57	197
50 90 57	197
50 90 57	197
50 90 57	197
50 90 57	197
50 90 57	197
50 90 57	197
50 90 57	197
50 90 57	197
50 90 57	197
50 90 57	197
50 90 57	197
50 90 57	197
50 90 57	197
50 90 57	197
50 90 57	197
50 90 57	197
50 90 57	197
82 75 41	198
82 75 41	198
82 75 41	198
82 75 41	198
82 75 41	198
82 75 41	198
82 75 41	198
82 75 41	198
82 75 41	198
82 75 41	198
82 75 41	198
82 75 41	198
82 75 41	198
82 75 41	198
82 75 41	198
82 75 41	198
82 75 41	198
82 75 41	198
82 75 41	198
82 75 41	198
82 75 41	198
82 75 41	198
82 75 41	198
82 75 41	198
82 75 41	198
82 75 41	198
49 97 53	199
49 97 53	199
49 97 53	199
49 97 53	199
49 97 53	199
49 97 53	199
49 97 53	199
49 97 53	199
49 97 53	199
49 97 53	199
49 97 53	199
49 97 53	199
49 97 53	199
49 97 53	199
49 97 53	199
49 97 53	199
49 97 53	199
49 97 53	199
49 97 53	199
49 97 53	199
95 11 94	200
95 11 94	200
95 11 94	200
95 11 94	200
95 11 94	200
95 11 94	200
95 11 94	200
95 11 94	200
95 11 94	200
95 11 94	200
95 11 94	200
95 11 94	200
95 11 94	200
95 11 94	200
95 11 94	200
95 11 94	200
95 11 94	200
95 11 94	200
95 11 94	200
95 11 94	200
95 11 94	200
95 11 94	200
95 11 94	200
95 11 94	200
48 61 92	201
48 61 92	201
48 61 92	201
48 61 92	201
48 61 92	201
48 61 92	201
48 61 92	201
48 61 92	201
48 61 92	201
48 61 92	201
48 61 92	201
48 61 92	201
48 61 92	201
48 61 92	201
48 61 92	201
48 61 92	201
48 61 92	201
48 61 92	201
48 61 92	201
48 61 92	201
48 61 92	201
48 61 92	201
48 61 92	201
44 78 80	202
44 78 80	202
44 78 80	202
44 78 80	202
44 78 80	202
44 78 80	202
44 78 80	202
44 78 80	202
44 78 80	202
44 78 80	202
44 78 80	202
44 78 80	202
44 78 80	202
44 78 80	202
44 78 80	202
44 78 80	202
44 78 80	202
21 92 90	203
21 92 90	203
21 92 90	203
21 92 90	203
21 92 90	203
21 92 90	203
21 92 90	203
21 92 90	203
21 92 90	203
21 92 90	203
82 90 32	204
82 90 32	204
82 90 32	204
82 90 32	204
82 90 32	204
82 90 32	204
82 90 32	204
82 90 32	204
82 90 32	204
82 90 32	204
82 90 32	204
82 90 32	204
82 90 32	204
82 90 32	204
82 90 32	204
65 77 63	205
65 77 63	205
65 77 63	205
65 77 63	205
65 77 63	205
65 77 63	205
65 77 63	205
65 77 63	205
65 77 63	205
65 77 63	205
65 77 63	205
65 77 63	205
65 77 63	205
84 88 34	206
84 88 34	206
84 88 34	206
84 88 34	206
84 88 34	206
84 88 34	206
84 88 34	206
84 88 34	206
84 88 34	206
84 88 34	206
84 88 34	206
84 88 34	206
84 88 34	206
84 88 34	206
84 88 34	206
84 88 34	206
84 88 34	206
84 88 34	206
84 88 34	206
84 88 34	206
84 88 34	206
84 88 34	206
84 88 34	206
63 92 52	207
63 92 52	207
63 92 52	207
63 92 52	207
63 92 52	207
63 92 52	207
63 92 52	207
63 92 52	207
63 92 52	207
63 92 52	207
63 92 52	207
63 92 52	207
63 92 52	207
63 92 52	207
63 92 52	207
63 92 52	207
63 92 52	207
63 75 70	208
63 75 70	208
63 75 70	208
63 75 70	208
63 75 70	208
63 75 70	208
63 75 70	208
63 75 70	208
63 75 70	208
63 75 70	208
63 75 70	208
63 75 70	208
76 93 40	209
76 93 40	209
76 93 40	209
76 93 40	209
76 93 40	209
76 93 40	209
76 93 40	209
76 93 40	209
76 93 40	209
76 93 40	209
76 93 40	209
76 93 40	209
76 93 40	209
76 93 40	209
76 93 40	209
76 93 40	209
88 86 36	210
88 86 36	210
88 86 36	210
88 86 36	210
88 86 36	210
88 86 36	210
88 86 36	210
88 86 36	210
88 86 36	210
88 86 36	210
88 86 36	210
88 86 36	210
88 86 36	210
88 86 36	210
88 86 36	210
88 86 36	210
88 86 36	210
88 86 36	210
88 86 36	210
88 86 36	210
88 86 36	210
88 86 36	210
89 85 37	211
89 85 37	211
89 85 37	211
89 85 37	211
89 85 37	211
89 85 37	211
89 85 37	211
89 85 37	211
89 85 37	211
89 85 37	211
89 85 37	211
89 85 37	211
89 85 37	211
89 85 37	211
89 85 37	211
89 85 37	211
89 85 37	211
89 85 37	211
91 95 26	212
91 95 26	212
91 95 26	212
91 95 26	212
91 95 26	212
91 95 26	212
91 95 26	212
91 95 26	212
91 95 26	212
91 95 26	212
91 95 26	212
91 95 26	212
77 61 75	213
77 61 75	213
77 61 75	213
77 61 75	213
77 61 75	213
77 61 75	213
77 61 75	213
77 61 75	213
77 61 75	213
77 61 75	213
77 61 75	213
77 61 75	213
83 35 96	214
83 35 96	214
83 35 96	214
83 35 96	214
83 35 96	214
83 35 96	214
83 35 96	214
83 35 96	214
60 59 96	215
60 59 96	215
60 59 96	215
60 59 96	215
60 59 96	215
60 59 96	215
60 59 96	215
60 59 96	215
84 69 63	216
84 69 63	216
84 69 63	216
84 69 63	216
84 69 63	216
84 69 63	216
84 69 63	216
84 69 63	216
84 69 63	216
84 69 63	216
84 69 63	216
84 69 63	216
84 69 63	216
84 69 63	216
84 69 63	216
84 69 63	216
84 69 63	216
84 69 63	216
86 52 79	217
86 52 79	217
86 52 79	217
86 52 79	217
86 52 79	217
86 52 79	217
86 52 79	217
86 52 79	217
86 52 79	217
86 52 79	217
86 52 79	217
86 52 79	217
86 52 79	217
86 52 79	217
86 52 79	217
86 52 79	217
86 52 79	217
82 38 98	218
82 38 98	218
82 38 98	218
82 38 98	218
82 38 98	218
82 38 98	218
82 38 98	218
82 38 98	218
82 38 98	218
47 96 76	219
47 96 76	219
47 96 76	219
47 96 76	219
47 96 76	219
47 96 76	219
47 96 76	219
47 96 76	219
90 53 77	220
90 53 77	220
90 53 77	220
90 53 77	220
90 53 77	220
90 53 77	220
90 53 77	220
90 53 77	220
90 53 77	220
90 53 77	220
90 53 77	220
90 53 77	220
49 97 75	221
49 97 75	221
49 97 75	221
49 97 75	221
49 97 75	221
49 97 75	221
49 97 75	221
49 97 75	221
49 97 75	221
49 97 75	221
49 97 75	221
49 97 75	221
49 97 75	221
49 97 75	221
49 97 75	221
49 97 75	221
61 80 81	222
61 80 81	222
61 80 81	222
61 80 81	222
61 80 81	222
61 80 81	222
61 80 81	222
61 80 81	222
61 80 81	222
61 80 81	222
59 80 84	223
59 80 84	223
59 80 84	223
59 80 84	223
59 80 84	223
59 80 84	223
59 80 84	223
59 80 84	223
59 80 84	223
59 80 84	223
59 80 84	223
59 80 84	223
80 62 82	224
80 62 82	224
80 62 82	224
80 62 82	224
80 62 82	224
80 62 82	224
80 62 82	224
80 62 82	224
80 62 82	224
80 62 82	224
80 62 82	224
80 62 82	224
80 62 82	224
52 81 92	225
52 81 92	225
52 81 92	225
52 81 92	225
52 81 92	225
52 81 92	225
52 81 92	225
52 81 92	225
83 68 75	226
83 68 75	226
83 68 75	226
83 68 75	226
83 68 75	226
83 68 75	226
83 68 75	226
82 49 96	227
82 49 96	227
82 49 96	227
82 49 96	227
82 49 96	227
82 49 96	227
82 49 96	227
82 49 96	227
82 49 96	227
57 90 81	228
57 90 81	228
57 90 81	228
57 90 81	228
57 90 81	228
76 82 71	229
76 82 71	229
76 82 71	229
76 82 71	229
76 82 71	229
76 82 71	229
76 82 71	229
76 82 71	229
76 82 71	229
76 82 71	229
76 82 71	229
76 82 71	229
76 82 71	229
83 72 75	230
83 72 75	230
83 72 75	230
83 72 75	230
83 72 75	230
83 72 75	230
83 72 75	230
83 72 75	230
83 72 75	230
60 97 74	231
60 97 74	231
60 97 74	231
60 97 74	231
60 97 74	231
60 97 74	231
92 84 56	232
92 84 56	232
92 84 56	232
92 84 56	232
75 95 63	233
75 95 63	233
75 95 63	233
75 95 63	233
75 95 63	233
75 95 63	233
75 95 63	233
75 95 63	233
75 95 63	233
75 95 63	233
98 84 52	234
98 84 52	234
98 84 52	234
98 84 52	234
98 84 52	234
98 84 52	234
98 84 52	234
98 84 52	234
98 84 52	234
98 84 52	234
98 84 52	234
51 98 86	235
51 98 86	235
51 98 86	235
51 98 86	235
51 98 86	235
51 98 86	235
51 98 86	235
93 74 69	236
93 74 69	236
93 74 69	236
93 74 69	236
93 74 69	236
93 74 69	236
67 90 80	237
67 90 80	237
67 90 80	237
67 90 80	237
67 90 80	237
67 90 80	237
67 90 80	237
67 90 80	237
67 90 80	237
67 90 80	237
67 90 80	237
80 74 84	238
80 74 84	238
80 74 84	238
80 74 84	238
80 74 84	238
80 74 84	238
80 74 84	238
90 60 89	239
90 60 89	239
90 60 89	239
90 60 89	239
90 60 89	239
90 60 89	239
90 60 89	239
96 62 82	240
96 62 82	240
96 62 82	240
96 62 82	240
96 62 82	240
96 62 82	240
96 62 82	240
96 62 82	240
96 62 82	240
96 62 82	240
96 62 82	240
96 62 82	240
94 83 64	241
94 83 64	241
94 83 64	241
94 83 64	241
94 83 64	241
94 83 64	241
75 80 87	242
75 80 87	242
75 80 87	242
68 78 97	243
68 78 97	243
68 78 97	243
68 78 97	243
68 78 97	243
68 78 97	243
68 78 97	243
68 78 97	243
68 78 97	243
68 78 97	243
68 78 97	243
75 71 98	244
75 71 98	244
75 71 98	244
80 97 68	245
80 97 68	245
80 97 68	245
80 97 68	245
80 97 68	245
80 97 68	245
80 97 68	245
80 97 68	245
80 97 68	245
80 97 68	245
80 97 68	245
80 97 68	245
80 97 68	245
80 97 68	245
94 85 67	246
94 85 67	246
74 92 81	247
74 92 81	247
74 92 81	247
74 92 81	247
74 92 81	247
88 96 64	248
88 96 64	248
88 96 64	248
88 96 64	248
88 96 64	248
88 96 64	248
95 71 83	249
95 71 83	249
95 71 83	249
95 71 83	249
96 66 88	250
96 66 88	250
96 66 88	250
96 66 88	250
96 66 88	250
96 66 88	250
76 80 95	251
76 80 95	251
67 90 95	252
67 90 95	252
67 90 95	252
67 90 95	252
81 84 88	253
81 84 88	253
81 84 88	253
80 81 93	254
80 81 93	254
80 81 93	254
80 81 93	254
95 71 89	255
95 71 89	255
70 97 89	256
91 74 92	257
91 74 92	257
91 74 92	257
91 74 92	257
88 79 91	258
88 79 91	258
88 79 91	258
88 79 91	258
88 79 91	258
84 80 95	259
84 80 95	259
95 94 71	260
95 94 71	260
95 94 71	260
91 93 78	262
91 93 78	262
91 93 78	262
91 93 78	262
90 77 96	263
90 77 96	263
90 77 96	263
79 93 92	264
79 93 92	264
87 81 97	265
91 85 90	266
91 85 90	266
83 93 91	267
91 84 93	268
98 82 90	270
98 96 77	271
96 92 84	272
95 91 87	273
95 91 87	273
87 92 97	276
87 92 97	276
90 94 93	277
